7.500636095338510945e-01 1.383124575397246758e+00 1.866561679725653677e+00 9.434176476469556816e-01 1.928731700453980125e+00 1.258041340868125246e+00 9.520532637112382179e-01 2.077915520270650518e+00 1.247249749408831709e+00 1.746992770095039393e+00
7.433416870740153781e-01 1.406581401261487896e+00 1.923208295764510467e+00 9.607767304086727300e-01 2.102427240715153633e+00 1.292268817707662443e+00 9.682880801284607930e-01 2.295357888571394778e+00 1.264330572958263676e+00 1.753428572024754217e+00
8.167303845591176170e-01 1.489756059653160269e+00 1.753917963994898743e+00 1.113539845163187492e+00 1.928938858975495663e+00 1.468270545313609787e+00 1.154377062484643446e+00 2.053422848298426029e+00 1.431897790229600398e+00 1.837399247419618353e+00
7.798400433119944131e-01 1.381858949978531426e+00 1.900385295988409773e+00 1.028352999197734041e+00 1.924189211639395714e+00 1.366415573059188482e+00 1.035757656836149954e+00 2.146261531742911011e+00 1.354451066730264719e+00 1.718957943470165395e+00
7.765135264105352819e-01 1.382407626682533142e+00 1.803047300184346557e+00 9.808023318216302355e-01 1.994539603926016813e+00 1.332252843722939284e+00 1.010759597343979577e+00 2.115010022363034370e+00 1.292958986961928680e+00 1.741653017014160199e+00
7.655428571294017326e-01 1.425292405968658249e+00 1.833576273021039205e+00 9.844811760363216813e-01 1.987819959931873104e+00 1.312184061947256897e+00 9.834976079162137674e-01 2.093929573294413427e+00 1.291388378826445749e+00 1.689127263421347003e+00
7.413310756772456545e-01 1.403457736496544150e+00 1.940437093771229415e+00 9.642485566825943488e-01 2.078575534485711529e+00 1.290676834790603689e+00 9.728912907020573764e-01 2.237497576116048048e+00 1.272791022575226805e+00 1.704486044463335181e+00
7.713037323177512894e-01 1.451197522427774000e+00 1.770011334323508878e+00 9.856738000929450294e-01 1.953577980145876580e+00 1.324377985366233634e+00 9.979659796766789936e-01 2.145395027958735934e+00 1.304236283228273452e+00 1.705206675404735028e+00
8.231926988791141708e-01 1.514892096688261525e+00 1.781366420928931493e+00 1.076158416049850075e+00 1.938359458527611601e+00 1.388872367243910055e+00 1.068792329812321862e+00 2.136911032519432041e+00 1.401901038431768942e+00 1.871304238848632728e+00
7.673097050850676837e-01 1.416921969986535856e+00 1.924601563589825037e+00 9.832764291958009384e-01 2.015868421974091884e+00 1.330219086520919802e+00 9.949582330139183917e-01 2.239710108815289313e+00 1.293643602289255679e+00 1.697495483515228720e+00
7.841765562079138219e-01 1.323746179394448053e+00 1.826457907228359323e+00 1.040351907803996001e+00 1.938051351029201674e+00 1.368486334633356893e+00 1.033993319344147066e+00 2.144024335567709993e+00 1.373027896356187050e+00 1.731233556988849287e+00
7.348937033092510784e-01 1.439971389954181724e+00 1.809905777377226688e+00 9.996732592542278972e-01 1.961935483686471970e+00 1.361575927983937007e+00 1.025357178488807808e+00 2.121282656152247981e+00 1.335790126395456134e+00 1.708767665056136753e+00
7.588734858642977033e-01 1.434980777718932954e+00 1.863576318251774611e+00 9.517895341774553764e-01 1.977148587166883020e+00 1.286960350889220894e+00 9.611072764641156452e-01 2.090708515537015533e+00 1.255703097655448852e+00 1.749198357309651675e+00
7.413112055886179608e-01 1.357010041259693267e+00 1.920812078256414868e+00 9.688053992064867836e-01 2.040891289868939751e+00 1.303081755039422029e+00 9.791703672030236394e-01 2.215947735768583282e+00 1.277737973672551597e+00 1.683642782226649093e+00
7.471810476101277132e-01 1.440516513220163164e+00 1.882345668050912302e+00 1.007244622223715025e+00 1.944641036291797409e+00 1.337128612981043130e+00 1.010806217927610051e+00 2.139996238052190858e+00 1.333858554557334486e+00 1.682560913619846721e+00
7.410950502717471577e-01 1.388368639807440408e+00 1.853363391163747487e+00 9.895529802600018243e-01 2.014255946282722309e+00 1.323602034776661496e+00 1.017570265938621432e+00 2.274952111082414685e+00 1.315640137659856546e+00 1.712687059985477322e+00
7.453638536415903015e-01 1.408539702368117874e+00 1.902995409852364705e+00 9.682176349176194741e-01 2.050119849963379259e+00 1.292000432815828770e+00 9.933078120864039517e-01 2.229402904427634446e+00 1.288124320506219167e+00 1.738113443707541839e+00
8.095337974561117589e-01 1.528208598358469450e+00 1.664150014396410526e+00 1.130081406796807464e+00 1.964910519628479735e+00 1.479899709671624208e+00 1.117266811542157567e+00 2.034452279341183445e+00 1.458113329863427898e+00 1.818289294590700100e+00
7.245684089796329275e-01 1.308953076468006849e+00 1.718127092711891679e+00 9.493220995497542170e-01 1.909434382446255185e+00 1.295496027715668852e+00 9.572986776641020379e-01 2.139880365424999376e+00 1.261890312731231534e+00 1.659819182581215635e+00
7.455184081277352881e-01 1.413479049322670100e+00 1.973377160133358288e+00 9.459736230750597219e-01 2.065580385141012609e+00 1.271631967816482245e+00 9.584393562916322384e-01 2.276672522141039767e+00 1.254288547957261635e+00 1.661639599863401262e+00
7.411427378447962289e-01 1.398814279568398433e+00 1.959397745073563790e+00 9.360349869688976421e-01 2.014482626254872510e+00 1.257979678860478678e+00 9.332938240907933114e-01 2.144011012861088528e+00 1.239733869400437394e+00 1.725724191402775221e+00
7.657654160158076095e-01 1.413391446935357232e+00 1.821271564555982270e+00 9.790817461182688142e-01 2.058385545871837863e+00 1.307429566894557249e+00 9.884425298829088158e-01 2.262020780021843258e+00 1.293974977395043080e+00 1.689823947584950137e+00
7.658171141660646830e-01 1.425998666674177962e+00 1.891304586080456041e+00 9.956140177535784952e-01 2.062034291674187614e+00 1.344538931250916391e+00 9.890063505446295977e-01 2.241816546346499184e+00 1.305604467886725795e+00 1.757801485868564884e+00
7.354178939516673452e-01 1.452343676968501862e+00 1.884034348301398154e+00 1.000396720266995443e+00 1.974434519429305812e+00 1.344090435471988920e+00 1.014605955033010876e+00 2.176899566500663852e+00 1.315062129313922190e+00 1.778224866824473338e+00
8.263081012821533733e-01 1.522106904892109203e+00 1.731464788489934126e+00 1.054889585883143743e+00 1.890741566901956716e+00 1.450359917037565394e+00 1.119170655564637684e+00 2.147716725176175512e+00 1.382292319546180259e+00 1.749738998335226725e+00
8.234171275376276355e-01 1.546170207202899993e+00 1.750924772757816772e+00 1.106456662456873685e+00 1.899319631139473774e+00 1.427302236982796124e+00 1.117025989218855875e+00 2.073931161117810174e+00 1.435254579312555734e+00 1.761597840794732805e+00
7.730990763832985557e-01 1.383590541978152011e+00 1.841564710636212743e+00 9.876420586996528250e-01 2.008229210469467230e+00 1.339111000826443965e+00 1.000230685265131036e+00 2.221328737250259255e+00 1.296025242724232029e+00 1.759977130082540420e+00
7.604327554175158710e-01 1.334865625741624928e+00 1.859034184297924996e+00 9.697002268041352568e-01 2.037929800582840123e+00 1.314539503593784353e+00 9.939383440881125464e-01 2.123890804775575791e+00 1.271244037281172856e+00 1.682430796857219635e+00
7.524877434830460343e-01 1.435573606247625644e+00 1.863859060601378737e+00 1.013938810158888648e+00 2.007834753121032101e+00 1.354641522241221807e+00 1.035615703599923831e+00 2.170976836753646833e+00 1.339555704225843691e+00 1.668793720829499172e+00
7.678772344671007666e-01 1.430258940719419947e+00 1.856077784241855655e+00 9.960595186745435647e-01 2.076492447086834225e+00 1.371714008280632502e+00 1.026100559205349816e+00 2.220811078370329650e+00 1.305401200182287225e+00 1.774043304159576895e+00
7.370659885310064663e-01 1.365302993068597814e+00 1.897095176153680285e+00 9.546326309602536364e-01 1.993254727675342952e+00 1.282084297566755904e+00 9.560103873410890074e-01 2.209737444341171919e+00 1.253828803142237991e+00 1.683174979616507194e+00
7.735471986646822451e-01 1.447065723666838277e+00 1.825566257455756292e+00 1.005041869616936312e+00 2.002263476362926564e+00 1.360241971545289585e+00 1.024440772033007097e+00 2.171274747545994810e+00 1.319770988562367631e+00 1.792180093530285845e+00
7.041762243559630541e-01 1.444557735094236239e+00 1.799084591057194871e+00 9.971622146395114905e-01 1.941569243675787648e+00 1.312529731911962649e+00 9.917369614275175493e-01 2.271587518530288285e+00 1.313479188968681433e+00 1.684266640235057011e+00
7.574520959430697253e-01 1.418446600523419754e+00 1.709047842649965565e+00 1.027521445423016377e+00 1.862713988465733550e+00 1.372542112621756294e+00 1.040832493413347715e+00 2.186574086979195641e+00 1.351447796235807353e+00 1.610258208744880681e+00
7.849234771914277431e-01 1.456073710592849402e+00 1.942903438289496520e+00 1.008963356967649938e+00 1.981651507766735154e+00 1.373254921838671594e+00 1.048004249915664765e+00 2.165684472953128381e+00 1.334721581017237702e+00 1.775666094719581922e+00
7.972755969911056173e-01 1.494481091955031093e+00 1.852491552240511430e+00 1.040112182115697781e+00 1.999848571287282217e+00 1.383258944915236377e+00 1.062024640172371637e+00 2.150026956025364644e+00 1.370726855720769022e+00 1.702632608966334393e+00
7.726160097827555751e-01 1.475069243785017914e+00 1.880569234404373624e+00 9.903922762401520252e-01 1.926407990006189896e+00 1.330111226741138353e+00 1.008680007598445227e+00 2.061303184579374115e+00 1.316461297637546046e+00 1.697468591749018874e+00
8.120065150339508264e-01 1.512254037112369831e+00 1.840590905130432553e+00 9.824693470277712226e-01 1.909214493311971239e+00 1.322014355572687760e+00 1.008970879554266897e+00 2.207018564291252982e+00 1.310415876020197157e+00 1.788876943301522138e+00
7.447695720115952156e-01 1.414032922057582686e+00 1.682176018744423462e+00 9.599891288163334702e-01 1.907307442139736686e+00 1.293888027050009271e+00 9.634532508640534232e-01 2.194337509289548738e+00 1.271861828476396283e+00 1.796819036229968525e+00
7.553701349870510784e-01 1.512938184479391879e+00 1.851710934951996457e+00 1.007245392314367383e+00 1.941721826122633221e+00 1.337846935921194635e+00 9.950148517783667934e-01 2.100844926222961817e+00 1.309954256390527760e+00 1.728905032378559969e+00
7.638040509274035550e-01 1.441319501386596702e+00 1.734025146175342202e+00 9.901595301722845299e-01 1.860717020116966713e+00 1.327195951595637968e+00 9.885320560349475372e-01 2.100653838310900579e+00 1.302258139613157395e+00 1.707216356945392199e+00
7.557425876412944277e-01 1.410119828358302296e+00 1.798869706442238980e+00 9.935231752274304995e-01 1.962870884738375565e+00 1.356651340152086327e+00 1.023068849101350430e+00 2.139196328998589802e+00 1.308718428481432605e+00 1.716894695658613301e+00
7.826993893308646921e-01 1.444585980523697799e+00 1.785878585355143988e+00 9.989009592352250388e-01 1.956591119186849470e+00 1.362244898966512352e+00 1.020856706164639416e+00 2.083246507718740759e+00 1.313862719284756286e+00 1.759166179299897825e+00
7.715005666047648480e-01 1.427715843314845134e+00 1.864079422135903830e+00 9.541904048422011897e-01 1.959794300664066569e+00 1.293168648918877173e+00 9.783330747481214784e-01 2.260963648399200832e+00 1.277066027683718463e+00 1.597648584270730865e+00
7.567664975645809200e-01 1.421069791264463866e+00 1.667947108755139851e+00 9.408735383615509651e-01 1.711462326614805907e+00 1.259902657600886267e+00 9.525047938896001876e-01 2.013398739231748724e+00 1.250702608556169437e+00 1.784788565123845760e+00
7.886680941635293429e-01 1.481246458526663812e+00 1.689464487337595688e+00 1.019551256517614801e+00 1.966677109834342962e+00 1.343195480888256910e+00 1.004686233583414579e+00 2.178632240488537875e+00 1.343114455036703792e+00 1.647546427236759925e+00
7.407317988079468174e-01 1.386497148086453413e+00 1.931219850896760626e+00 9.603785328767469043e-01 2.042242099996803173e+00 1.293084771629478658e+00 9.786524050254856721e-01 2.223076000428705790e+00 1.267537741343944147e+00 1.772959992259100837e+00
8.207463301150526025e-01 1.496977268240010428e+00 1.705211465199402587e+00 1.093238796976478966e+00 1.799483554794014895e+00 1.447966628878477380e+00 1.091003348908120119e+00 2.133082741040344121e+00 1.408883457457478672e+00 1.830662450318194523e+00
7.409610500621325313e-01 1.445236541635935845e+00 1.777631544702905408e+00 1.035761603131942765e+00 1.862083796210637576e+00 1.387688059949358399e+00 1.040165012406211398e+00 2.064116566033371569e+00 1.346140133295208319e+00 1.780771485365362228e+00
7.912351508607068373e-01 1.447018835608882670e+00 1.813407312510726399e+00 1.026360641563902165e+00 1.916834119543653348e+00 1.403083650871879584e+00 1.076663310772959292e+00 2.193977210613854201e+00 1.345103428961731851e+00 1.699060747019387252e+00
7.361049682002797079e-01 1.383757337084427608e+00 1.901167334777963625e+00 9.891356313118614407e-01 2.012348018413949280e+00 1.320555205756374306e+00 9.888937797898667004e-01 2.239063587498884456e+00 1.295295542408883005e+00 1.765055572227506309e+00
7.411060912988930438e-01 1.393921337416800910e+00 1.770884437563254865e+00 9.442122103969886604e-01 2.113497755348132223e+00 1.278024637995098134e+00 9.485241630019283221e-01 2.305675860439860614e+00 1.251086008215740675e+00 1.739714644957411016e+00
8.030539986643386863e-01 1.417287324958760752e+00 1.739466164176431962e+00 1.058614414396705561e+00 1.947426602865124812e+00 1.405764767622486699e+00 1.073899143246445531e+00 2.134675880692112226e+00 1.380990336350546244e+00 1.769177216055686674e+00
7.832510917685371332e-01 1.518276601835295558e+00 1.776721284799736456e+00 9.891472631056817955e-01 1.865063963908228928e+00 1.329430208590608897e+00 1.009823419298242264e+00 2.035914737500771121e+00 1.315475893458508239e+00 1.769435070479974614e+00
7.383129804701095145e-01 1.341924473088334624e+00 1.756189438171410933e+00 9.731682860372883326e-01 2.033496389922042180e+00 1.310482446062347872e+00 9.865992245077969125e-01 2.107463875015652466e+00 1.288556530626919105e+00 1.690508094400482442e+00
7.540031397457858109e-01 1.502788606310998309e+00 1.600514957736224098e+00 1.034520704725974793e+00 1.869347578032457768e+00 1.355085666685356571e+00 1.021624606721299289e+00 2.174505598794547634e+00 1.361332995240053911e+00 1.782386549210300153e+00
7.876382087871802717e-01 1.426753240780760379e+00 1.924769022827165221e+00 1.022587158915735372e+00 2.013694741163325030e+00 1.372956876444854535e+00 1.034772705821685568e+00 2.215687143058075570e+00 1.332565669860561464e+00 1.757586350672982967e+00
7.336097644069760060e-01 1.389770839831669047e+00 1.962675599568748597e+00 9.492389756936155942e-01 2.051459763791392277e+00 1.301359360953443955e+00 9.728414659217625715e-01 2.214592209172028703e+00 1.259372036310985488e+00 1.732720337313254255e+00
7.354942300906649466e-01 1.407878867580081073e+00 1.945576276077616074e+00 9.505346653529053169e-01 2.022214600305495047e+00 1.307713885796160547e+00 9.704658585382124336e-01 2.280557857901433838e+00 1.269088644487148088e+00 1.733249741087934614e+00
7.834243717877509283e-01 1.481838319772743828e+00 1.898822519716510726e+00 1.003647301089300781e+00 2.021198951900238239e+00 1.329293885384930540e+00 1.012382002869678388e+00 2.157759088262819702e+00 1.328020123647654094e+00 1.758130420478826839e+00
7.794944758503499216e-01 1.449264040311162738e+00 1.696478596382632986e+00 1.017105500843391797e+00 1.878871959421813065e+00 1.367160190863256464e+00 1.023518837537030324e+00 2.148268404973657564e+00 1.337095898363099389e+00 1.746202645642732865e+00
7.614489277281575319e-01 1.411971551412134929e+00 1.905720712136143025e+00 9.578502927109330267e-01 2.047674196429874360e+00 1.280226838407076739e+00 9.706993191376174224e-01 2.231579821803971964e+00 1.263750717542937663e+00 1.750873595364142110e+00
7.612708837374255744e-01 1.474377939115087521e+00 1.869740976871476335e+00 1.028576542978830055e+00 2.056650516741192813e+00 1.361415884637999563e+00 1.006050614909529628e+00 2.237649941344044269e+00 1.353643732523459597e+00 1.769057107291679420e+00
7.746528550294897730e-01 1.426904212503525615e+00 1.939074982211603571e+00 9.997893171324044870e-01 2.023302722445634583e+00 1.317229599226270587e+00 9.951462851277720345e-01 2.180263058285766942e+00 1.312984264329604800e+00 1.746492992858739157e+00
8.115184144712723757e-01 1.488105511329426367e+00 1.744249746160790870e+00 1.023005438855276061e+00 1.876828044285204555e+00 1.367050569947420025e+00 1.033847519852954422e+00 2.164409274021637852e+00 1.346225236973729089e+00 1.765125680775731842e+00
7.723115749944742259e-01 1.434803659439516821e+00 1.819374567084879324e+00 1.034203636804628124e+00 1.979773890715231577e+00 1.372015115954895670e+00 1.058716817527211251e+00 2.122218358171747976e+00 1.352413474589921893e+00 1.787177282053917571e+00
7.994146620332562847e-01 1.356608079606269390e+00 1.903399879388272042e+00 1.032475516487352918e+00 1.991991357629971038e+00 1.365897150282182615e+00 1.042600408693284075e+00 2.158435228368880132e+00 1.357995380543837394e+00 1.675332543558077703e+00
7.322624914928956841e-01 1.389049950295095703e+00 1.955965353584142807e+00 9.483920282822219106e-01 2.078521861963135375e+00 1.287400572274679966e+00 9.679645881417802133e-01 2.293102043272499113e+00 1.255602095783480143e+00 1.734049231204267461e+00
7.384271827149182510e-01 1.404554851816363747e+00 1.943070691460511590e+00 9.771153455536268906e-01 2.092100645216161237e+00 1.312751704556640364e+00 9.806467128917845111e-01 2.213302721334942103e+00 1.286682134689053791e+00 1.740533100989166471e+00
8.019954975448870815e-01 1.507764307643863821e+00 1.744105456356082717e+00 1.050327493107456434e+00 1.741235729975902480e+00 1.391450676178565438e+00 1.048477222499087480e+00 2.152983130847759607e+00 1.376436081030061764e+00 1.822427278786990845e+00
7.348085644184917387e-01 1.438154376691137770e+00 1.894471527872947592e+00 9.680548995363855713e-01 1.984534016448829874e+00 1.316706522019521541e+00 9.791499311273832440e-01 2.206289168581978100e+00 1.276441063069050141e+00 1.754805009467277799e+00
7.452951725493419666e-01 1.446712531020969195e+00 1.931043875792044506e+00 9.506415845450256752e-01 2.103369972945106081e+00 1.273664270649783603e+00 9.600092299857045930e-01 2.266791141798507603e+00 1.251796352145355673e+00 1.722273129421053373e+00
7.560692740321398597e-01 1.449770399619031203e+00 1.862735769327852786e+00 9.811865269128615674e-01 1.949129111313618878e+00 1.320996375298443271e+00 9.872266924023931356e-01 2.247268489012449688e+00 1.289634350241390948e+00 1.675947619632938812e+00
8.234122631987452756e-01 1.498586649995254483e+00 1.665625845689761242e+00 1.117061817689041447e+00 1.889556075456702011e+00 1.461587742636762943e+00 1.134219940002111127e+00 2.130282223675672437e+00 1.448052861486370801e+00 1.805864612425669868e+00
7.750627115809018974e-01 1.414070370476803840e+00 1.920258212901738704e+00 1.014594721149818302e+00 2.000009431140830074e+00 1.332844446779464231e+00 1.013989369129587592e+00 2.185561756049315019e+00 1.324233941121535585e+00 1.817611868951588328e+00
7.387200729900462726e-01 1.387921784084196197e+00 1.930518475440165860e+00 9.960827197313339987e-01 1.872770930821171520e+00 1.357885861346508793e+00 1.039979122491403007e+00 2.191761327310661756e+00 1.320042247977968763e+00 1.722853593521223914e+00
7.477001704843859731e-01 1.429638618392448324e+00 1.841024290134924302e+00 9.697663760345861528e-01 1.932318925443836877e+00 1.299419361128805850e+00 9.717012250567917953e-01 2.219214253527533653e+00 1.282024386498936908e+00 1.772294540319640621e+00
7.866848653977061012e-01 1.376476186328868367e+00 1.748641901114337704e+00 1.047954250259603315e+00 1.910446086528902132e+00 1.404150954370108506e+00 1.033918058187705658e+00 2.055296978211069270e+00 1.373652953282854083e+00 1.807971626197230952e+00
7.394724748028703720e-01 1.401166924123455226e+00 1.977575546044215038e+00 9.529312524282389507e-01 2.051820990292611224e+00 1.287927590573733072e+00 9.615085865343395710e-01 2.288661633343416213e+00 1.263666215956783301e+00 1.715383588407175530e+00
7.177821258472176780e-01 1.358065639327477925e+00 1.898630017450059215e+00 1.002498172483982319e+00 1.969246621256561802e+00 1.334828122467603739e+00 1.009507345202845796e+00 2.188502349765916399e+00 1.312065375939275080e+00 1.765178804357016240e+00
8.412167569957456070e-01 1.520780911539670655e+00 1.864413120813215308e+00 1.044732344792882239e+00 1.846125577369636339e+00 1.402920655606485711e+00 1.058424936382153625e+00 2.091243111878311023e+00 1.364802006065511275e+00 1.761385704784612649e+00
7.720642556008041613e-01 1.493540224910574921e+00 1.812049364862877487e+00 9.832514096114288726e-01 1.816654844519914880e+00 1.303669122715823248e+00 9.767848662611495758e-01 2.086196175741893200e+00 1.289503131764915267e+00 1.724396084204840696e+00
8.177336195482505232e-01 1.450040598746804577e+00 1.855443174184955524e+00 1.030887684818611927e+00 1.972649727308116496e+00 1.379948112249365755e+00 1.079550423027814121e+00 2.206358383876949159e+00 1.370713512800891820e+00 1.765457417245318128e+00
8.583564141530715119e-01 1.440218552457064316e+00 1.835399232346104359e+00 1.057479496619905701e+00 1.918529351801516514e+00 1.430103114048631774e+00 1.095769545129618772e+00 2.137139451848911520e+00 1.397314257427669348e+00 1.679102602111075315e+00
7.567785212724434940e-01 1.456190614957683538e+00 1.875428983295418295e+00 9.771800215371592158e-01 1.953505723337109146e+00 1.303138451978642642e+00 9.771749489607615136e-01 2.188253472424700252e+00 1.293353427672792488e+00 1.777326570218175750e+00
7.397873342346352743e-01 1.415534586150098306e+00 1.835699247261107336e+00 9.716306678201278579e-01 1.935517839649172345e+00 1.313113432997172758e+00 1.001102440561723483e+00 2.201272593492379581e+00 1.291244866345015341e+00 1.658470869470580089e+00
7.613848367421058860e-01 1.419094675005891704e+00 1.872786631702397786e+00 9.666126391829396036e-01 2.053118196776975601e+00 1.301812498974645793e+00 9.806354507337866622e-01 2.225045934838815409e+00 1.276461011270023205e+00 1.721980446965516665e+00
7.675795916491254811e-01 1.433578396737876126e+00 1.826757215750483887e+00 9.936675620619347393e-01 1.865510402827467162e+00 1.325081756430590341e+00 9.896253467415148108e-01 2.137435956679062166e+00 1.301031069124906070e+00 1.765286145878926183e+00
7.652021474088042119e-01 1.439648348925140597e+00 1.799298957985287606e+00 1.078167799130783422e+00 1.817621307797461006e+00 1.417392944800750287e+00 1.103929284426369506e+00 2.036459865120394674e+00 1.395356866799860596e+00 1.711826519190004170e+00
7.837917876447276777e-01 1.481513110283794621e+00 1.792511713356496728e+00 1.009570410997513212e+00 1.979715899590093420e+00 1.337532804433809508e+00 1.016258329068798094e+00 2.146283936217964428e+00 1.316877390685404992e+00 1.727910585927729947e+00
7.304975581664148176e-01 1.423413104171848742e+00 1.754624491415155418e+00 1.026932570712336013e+00 1.940315846138966238e+00 1.382568960507821743e+00 1.035215067746084516e+00 2.180467122666786661e+00 1.341305394104762350e+00 1.734012710670961965e+00
7.695058821291658191e-01 1.426256910810377976e+00 1.867958373143739692e+00 1.017941878722273596e+00 1.996464967113449562e+00 1.349904010928298481e+00 1.017364915604330289e+00 2.167585161930948523e+00 1.321790843170091101e+00 1.808978886253704177e+00
7.890536982012856804e-01 1.454347123169233980e+00 1.814338767226627569e+00 1.039698408431885435e+00 1.886538478549528719e+00 1.368435745002787307e+00 1.043719104497456529e+00 2.111876601242926199e+00 1.353087863684050651e+00 1.767801497337882610e+00
8.061291170913107429e-01 1.433211810624629656e+00 1.761074983793578630e+00 1.035215783742634121e+00 1.919131790075267352e+00 1.400131899726266838e+00 1.066341639798243479e+00 2.168624046728696353e+00 1.373198377009993143e+00 1.702252214273557662e+00
7.513995612205895958e-01 1.389117050065997505e+00 1.859487737018369335e+00 9.624275014321578281e-01 1.949491740178093124e+00 1.287756442409889290e+00 9.638919882488418134e-01 2.168930395318770632e+00 1.273304349296582760e+00 1.628467970079617189e+00
7.852409699622864281e-01 1.436392439583263236e+00 1.614109582940946641e+00 1.046614104827411795e+00 1.711575973636171755e+00 1.410038204558387243e+00 1.043285552449237263e+00 2.171859228635932393e+00 1.366593347152216253e+00 1.652977111726918968e+00
7.668526248321638761e-01 1.431479142212795930e+00 1.885910561105053951e+00 1.011947450443280827e+00 2.022100671751860368e+00 1.359113512527506229e+00 1.013576655032283558e+00 2.163606099716358866e+00 1.333283594440553887e+00 1.758376887950414691e+00
7.641252747719412541e-01 1.421783028820199135e+00 1.878494394093386921e+00 9.814237507881193867e-01 1.984952417293420979e+00 1.316836145473163855e+00 9.920169472694422286e-01 2.175757854631846566e+00 1.290648737212389818e+00 1.763664081396046912e+00
9.081409908661097763e-01 1.532738676998052441e+00 1.791296590338521399e+00 1.191624043453437087e+00 1.893830003428571107e+00 1.519011792651490111e+00 1.184227834079516262e+00 2.012502535534753445e+00 1.535909033125701262e+00 1.849943198741271333e+00
8.620875944013217662e-01 1.556167190587154359e+00 1.741019876179221271e+00 1.153666890943107148e+00 1.874828930985478426e+00 1.486324086164198199e+00 1.156492438229479891e+00 1.993558212520156081e+00 1.482124735040540431e+00 1.832895081893700651e+00
7.447441588356064068e-01 1.435860216013893798e+00 1.892469771355874020e+00 9.649089277656305308e-01 1.905459243909225053e+00 1.287255077738169051e+00 9.738201201798925011e-01 2.132251409686675814e+00 1.268293289723305906e+00 1.618654185863660278e+00
7.177531889868172810e-01 1.401033436243365626e+00 1.882889245222045149e+00 9.273460411516387669e-01 2.103531759985643568e+00 1.259942307398398631e+00 9.318188061017429469e-01 2.297059936783465872e+00 1.233206912795683952e+00 1.743662928917186328e+00
7.914666966395991210e-01 1.441349522034469421e+00 1.882765449643942990e+00 1.017338553502926457e+00 2.033841503472777923e+00 1.357267915325408580e+00 1.028165490270606330e+00 2.149953881859706595e+00 1.328445405473400287e+00 1.773359363379154008e+00
8.200535181685254527e-01 1.525168591647430905e+00 1.760250700687090220e+00 1.065291000018221190e+00 1.857961889537165012e+00 1.404033518266852187e+00 1.066703420791287327e+00 2.086177956252531995e+00 1.401146820015249039e+00 1.727754702522877439e+00
7.624956359083177038e-01 1.473979937964678300e+00 1.670293214049705544e+00 9.851167575797705744e-01 1.959601935373865622e+00 1.327315264083099855e+00 9.856471376815885144e-01 2.105729900528861442e+00 1.302472532524615811e+00 1.796521462195361796e+00
7.886587499115057520e-01 1.467930772406729645e+00 1.705728264849168063e+00 1.018917215587667124e+00 1.916222440948783579e+00 1.372229879027722532e+00 1.040418145497151059e+00 2.085257400597131383e+00 1.347282524771248324e+00 1.765825923135338371e+00
7.795044084722215771e-01 1.412825542779072130e+00 1.867997766025990991e+00 9.985284803444482993e-01 2.001673755043335667e+00 1.343855659412983350e+00 1.019706502881430943e+00 2.092632843616893723e+00 1.320354189796185906e+00 1.767776621878471177e+00
7.705964825890118108e-01 1.414620715533529527e+00 1.788520961738601089e+00 9.675496627968298569e-01 1.866797289308688379e+00 1.325244260832337595e+00 9.931043801402458238e-01 2.103569175348160680e+00 1.283544812004880242e+00 1.777664770762149349e+00
8.030851780722367828e-01 1.447505928752161219e+00 1.702547774499254318e+00 1.099623773638296331e+00 1.850637714297643344e+00 1.437755504601772039e+00 1.078177961565195853e+00 2.046331581917839149e+00 1.423873746182267030e+00 1.855415694022542361e+00
7.282333242415622854e-01 1.395079128518557532e+00 1.848615051713903057e+00 9.412102565313035241e-01 2.070504466817673528e+00 1.269024316441683675e+00 9.454296608536266744e-01 2.220587976676724917e+00 1.250449557412469437e+00 1.749874121643403058e+00
8.325056721541728155e-01 1.342916746236093806e+00 1.801236872220032481e+00 1.022566272774373841e+00 1.885238467319422018e+00 1.347331650074327314e+00 1.062292247181013005e+00 2.040238327434652277e+00 1.361649398048007331e+00 1.777871659073037014e+00
7.490702067435409672e-01 1.358064023776464957e+00 1.755676318350823273e+00 1.025491131862272143e+00 1.932879559541620829e+00 1.379521525642017687e+00 1.045647657113220497e+00 2.183038717479300228e+00 1.355746786999593612e+00 1.643081205755044794e+00
7.369567284191461676e-01 1.401474503646821912e+00 1.832237982347394878e+00 9.822395585853233024e-01 1.989315636398456322e+00 1.342452180308740584e+00 9.981613723380133862e-01 2.120085711010621932e+00 1.295606978051231595e+00 1.757625813667890391e+00
6.918713809945407078e-01 1.467607615297771062e+00 1.764314354966644904e+00 1.035705649135837403e+00 1.866479220532530681e+00 1.347547884880730074e+00 1.042232435352471454e+00 2.071103374900393757e+00 1.364921774130157139e+00 1.692906715242990634e+00
7.225416890629983158e-01 1.413307617139320627e+00 1.793423010490552860e+00 1.017401849432836292e+00 2.030588374088941439e+00 1.364602886932065218e+00 1.011631906141236437e+00 2.214446046811794577e+00 1.330646959761383696e+00 1.706597301920379950e+00
