-1.196646690153269965e+00
-1.136451569540109174e+00
-8.113561394646822134e-01
6.352557986262364897e-01
-8.309517397109801307e-01
-6.825365693882944340e-01
-6.280933180058997367e-01
-5.265729678215500531e-01
-7.745337045012146496e-03
1.150501920064688904e-01
-1.075220581150872379e+00
-6.628608833339236783e-01
-1.176346260085232798e+00
-1.249527807388469913e+00
7.582401290094065160e-01
-1.338752106231673400e+00
-1.152234364396693467e+00
3.955680552197776145e-01
-3.286414048291831369e-01
-2.359867498542294051e-01
