-2.451077285416377871e-01
-1.158385180532983894e+00
-2.008376850001214020e+00
-1.475276873837635616e+00
-1.276660125489746722e+00
-2.435960130891657027e-01
-5.263146620562069167e-01
-5.154762326354862534e-01
-5.582519033835543071e-02
-9.855088865638880202e-01
-3.234036267518156094e-01
-8.146731660376224093e-01
-3.119242707818623561e-01
-7.251112388142485488e-01
-6.098572172592636731e-01
-1.076987368519599420e+00
-1.427788180048588096e+00
4.855292670431145957e-02
-1.049854834901063017e+00
-9.163802645455223495e-01
