-2.304531423556274994e-01
-1.456540210571438010e+00
-2.163606619355015859e+00
-1.722741707274793033e+00
-1.699480065069869372e+00
-6.369312841863603580e-01
-6.300478199353222175e-01
-6.933264899130238135e-01
-2.901212800718894202e-01
-8.200391616295693575e-01
-6.029235576780646033e-01
-6.939112469940147410e-01
-5.213455406924792923e-01
-7.545385584755405217e-01
-1.011923871351777304e+00
-1.057686563837669125e+00
-1.610454380237818173e+00
-1.727725197334729623e-01
-1.112014572161223125e+00
-1.044828188948235592e+00
