-1.472115937303855704e+00
-7.756586904172804164e-01
3.052322662764920924e+00
-9.113549075635145602e-01
-2.384893122693474976e-01
-1.080698112921490095e+00
1.162021013083361698e+00
1.561531187555703637e+00
8.969260868912639628e-01
-9.981033070174034627e-01
1.040491333590598755e+00
-9.167720466575938199e-01
-1.140271619713055129e+00
1.206136674753364835e+00
2.453470079380132063e+00
-1.286963463218843973e-01
-1.841901014974073991e+00
2.758970386697259247e+00
4.055015047347352297e-01
3.996033133451645791e-01
