-1.487903296416109633e+00
-1.211879446142045014e+00
-1.511530518169226012e+00
-1.150354883947606544e+00
3.107893242364503927e-01
-9.184808153050529889e-01
1.924571103688640372e+00
8.737136588832834505e-01
-8.294796258299069747e-01
-1.503167922191167571e+00
-1.571647469816918274e+00
-1.393287164950194335e+00
-1.788773524926721814e+00
-5.810065470112328878e-01
-1.786342178325245555e+00
-1.651988660670575149e+00
1.394397822124179509e+00
-1.263697017206118156e+00
-2.619392993384417334e-01
-1.139497971217302785e+00
