1.614524337545756749e+00
-2.148265329377687216e+00
-4.791444682098920382e-01
-1.811028438949929820e+00
-4.810027747457281122e-01
-2.122506453282291705e+00
-1.429163687986499065e+00
-6.742077217010097323e-01
1.861274368286851777e+00
-1.099908444591094492e+00
8.032188670952956633e-01
1.248827602912605389e-01
2.071842939429555663e+00
1.682973702511549652e+00
1.724863357548244158e+00
1.080144552853998352e+00
1.954853603256391459e+00
1.725027947896537350e+00
2.392087142924268495e+00
-1.324984534241142153e+00
