-1.655077547600642074e+00
1.581548901800303053e+00
-1.898083824495550465e+00
-1.576390937103629764e+00
-1.300664563864145640e+00
-3.661120950809407248e-01
-2.040199754988293590e-01
-4.012766216405100894e-01
6.292175207529233649e-01
-9.275710887760062473e-01
-5.485896286077643902e-01
-9.835515164335183469e-01
-3.939845578737498633e-01
-1.850227961818321498e+00
-1.624302838023570894e+00
-2.611954065245067347e-01
-1.416018413757181182e+00
9.873598443588971207e-01
-1.022034799992882048e+00
-1.291878066834002636e+00
