-1.056144342358833033e+00
-1.042185935026232135e+00
-1.322812252642841857e+00
-1.124385601778599808e+00
-4.765092314787486849e-01
-1.103150179807846465e+00
-1.062469883441734764e+00
-2.935795657570799966e-01
-2.394510960576131942e-01
-8.476695060599279685e-01
-5.349827134213622770e-01
-1.694196614022784431e+00
-9.771956781184355789e-02
-6.336440811686406827e-01
-7.940403914493066040e-01
-4.344587823903925394e-01
-1.493459082572029084e+00
-4.850689319320763970e-01
-8.441196967068079759e-01
-1.250107570898632670e+00
