1.697745656105048129e+00
-2.237620199266099785e+00
2.768705034106546184e-02
-9.186231428395205123e-01
2.887192728289667554e-01
3.884028350297316079e-01
-1.975888062700774106e-01
3.607463189435783368e-02
-1.540583104391461511e+00
1.582376558222620133e+00
2.399313537513103167e+00
1.759300620414847138e+00
1.208349621248285377e+00
1.687175429717810315e+00
1.063359794805841307e+00
2.636371523857615529e+00
1.280478806217943299e+00
-2.179588326998664005e+00
-1.480129521903013279e+00
7.895152186878989786e-01
