-1.408200988052014990e+00
-1.309540827748156611e+00
-1.876412870958708456e+00
-1.670076177195868317e+00
-1.493723768777301952e+00
-2.257135803902461935e-01
-1.167698470581725712e+00
-4.637167486736611388e-01
-3.288065960019079942e-02
-1.539535153942757306e+00
-2.101480145063567007e-01
-1.569259824247480672e+00
-6.362866782592052628e-02
-7.945537945070574315e-01
-1.130237017915204145e+00
-1.075634213907747494e+00
-1.079607125077657326e+00
-5.553098662021844767e-01
-9.112558232706020611e-01
-1.349848380321801988e-01
