9.180000000000000659e-03
1.670000000000000043e-03
7.170000000000000158e-03
3.900000000000000471e-04
2.550000000000000183e-03
7.600000000000000418e-04
1.660000000000000234e-03
3.600000000000000227e-04
1.650000000000000208e-03
2.200000000000000078e-04
1.012000000000000052e-02
5.520000000000000601e-03
4.600000000000000139e-04
6.500000000000000786e-04
3.890000000000000228e-03
3.300000000000000524e-04
2.640000000000000419e-03
2.300000000000000070e-04
2.960000000000000391e-03
6.900000000000000751e-04
3.200000000000000262e-04
2.700000000000000035e-04
5.360000000000000181e-03
3.430000000000000323e-03
8.120000000000000481e-03
3.400000000000000244e-04
1.341000000000000178e-02
6.199999999999999999e-04
1.324000000000000177e-02
1.419000000000000122e-02
1.290000000000000131e-03
6.000000000000000830e-05
3.690000000000000138e-03
8.700000000000001135e-04
2.270000000000000316e-03
2.800000000000000297e-04
1.250000000000000026e-03
1.180000000000000059e-03
4.300000000000000436e-04
1.100000000000000039e-04
3.700000000000000489e-04
7.600000000000000418e-04
1.120000000000000119e-03
8.800000000000000313e-04
5.500000000000000331e-04
1.800000000000000113e-04
3.840000000000000531e-03
3.200000000000000262e-04
3.990000000000000491e-03
3.500000000000000507e-04
3.930000000000000333e-03
4.600000000000000139e-04
2.050000000000000173e-03
2.280000000000000342e-03
3.650000000000000466e-03
2.500000000000000052e-04
8.000000000000000654e-05
4.100000000000000454e-04
2.120000000000000356e-03
3.200000000000000262e-04
3.099999999999999999e-04
1.100000000000000039e-04
8.970000000000000542e-03
3.900000000000000471e-04
8.750000000000000833e-03
2.900000000000000017e-04
5.840000000000000573e-03
5.200000000000000629e-04
1.013000000000000012e-02
2.020000000000000094e-03
2.590000000000000288e-03
1.100000000000000039e-04
1.541000000000000182e-02
6.300000000000000261e-04
1.790000000000000141e-03
6.199999999999999999e-04
9.620000000000000079e-03
2.200000000000000078e-04
3.160000000000000048e-03
3.700000000000000489e-04
4.250000000000000305e-03
2.200000000000000078e-04
1.250000000000000026e-03
1.390000000000000176e-03
6.620000000000000884e-03
3.099999999999999999e-04
6.400000000000000524e-04
5.600000000000000594e-04
3.820000000000000479e-03
7.800000000000000943e-04
7.320000000000000985e-03
2.800000000000000297e-04
2.139999999999999975e-03
4.000000000000000192e-04
7.430000000000000840e-03
6.100000000000000821e-04
1.566999999999999990e-02
3.400000000000000244e-04
6.800000000000000488e-04
4.180000000000000555e-03
6.750000000000000791e-03
7.700000000000000681e-04
3.350000000000000113e-03
1.110000000000000092e-03
5.000000000000000104e-04
8.800000000000000313e-04
5.530000000000000193e-03
3.900000000000000471e-04
4.380000000000000213e-03
1.750000000000000036e-03
6.100000000000000821e-04
3.200000000000000262e-04
8.300000000000001170e-04
3.697000000000000286e-02
1.950000000000000127e-03
2.100000000000000087e-04
2.200000000000000133e-03
3.000000000000000415e-05
1.149000000000000021e-02
6.300000000000000261e-04
2.450000000000000355e-03
7.220000000000000723e-03
1.190000000000000085e-02
1.740000000000000227e-03
1.110000000000000092e-03
7.110000000000000868e-03
4.200000000000000174e-04
2.515499999999999958e-01
2.420000000000000276e-03
4.400000000000000157e-04
1.374000000000000048e-02
4.100000000000000454e-04
2.820000000000000024e-03
8.600000000000000873e-04
4.160000000000000503e-03
6.800000000000000488e-04
2.278000000000000164e-02
4.000000000000000192e-04
1.190000000000000085e-03
7.000000000000000742e-05
4.340000000000000108e-03
7.600000000000000418e-04
3.950000000000000386e-03
2.050000000000000173e-03
1.520000000000000084e-03
2.600000000000000314e-04
7.190000000000000210e-03
3.600000000000000227e-04
6.000000000000000559e-04
1.940000000000000101e-03
3.200000000000000262e-04
2.050000000000000173e-03
7.950000000000000469e-03
4.000000000000000192e-04
3.140000000000000430e-03
1.200000000000000112e-03
4.210000000000000200e-03
1.700000000000000122e-04
1.540000000000000136e-03
1.680000000000000070e-03
4.010000000000000543e-03
2.390000000000000197e-03
1.210000000000000138e-03
3.200000000000000262e-04
4.500000000000000419e-04
1.000000000000000048e-04
8.300000000000001170e-04
1.100000000000000066e-03
7.330000000000000578e-03
1.100000000000000039e-04
7.240000000000000775e-03
5.300000000000000891e-04
5.420000000000000338e-03
2.960000000000000391e-03
6.810000000000000948e-03
1.840000000000000056e-03
2.850000000000000103e-03
4.100000000000000454e-04
2.700000000000000035e-04
2.880000000000000181e-03
5.620000000000000863e-03
1.000000000000000048e-04
1.075000000000000087e-02
2.900000000000000017e-04
1.928000000000000200e-02
2.600000000000000314e-04
3.900000000000000471e-04
3.240000000000000258e-03
2.250000000000000264e-03
2.200000000000000078e-04
8.219999999999999876e-03
5.300000000000000891e-04
1.280000000000000105e-03
2.700000000000000035e-04
5.000000000000000240e-05
1.340000000000000045e-03
4.890000000000000249e-03
3.800000000000000209e-04
5.000000000000000104e-04
7.000000000000000742e-05
1.020000000000000073e-02
9.000000000000000567e-05
1.180000000000000059e-03
5.000000000000000104e-04
8.900000000000000576e-04
5.200000000000000629e-04
1.000000000000000082e-05
1.000000000000000082e-05
6.700000000000000226e-04
3.200000000000000262e-04
4.660000000000000080e-03
3.500000000000000507e-04
2.470000000000000407e-03
2.100000000000000087e-04
1.147000000000000103e-02
3.300000000000000524e-04
1.200000000000000112e-03
6.000000000000000830e-05
2.550000000000000183e-03
4.100000000000000454e-04
2.800000000000000297e-04
3.800000000000000209e-04
1.940000000000000101e-03
8.000000000000000654e-05
1.400000000000000203e-03
7.100000000000000191e-04
7.600000000000000418e-04
8.000000000000000654e-05
2.620000000000000367e-03
1.900000000000000105e-04
2.020000000000000094e-03
3.920000000000000741e-03
1.900000000000000105e-04
5.500000000000000331e-04
6.260000000000000807e-03
4.700000000000000401e-04
2.180000000000000080e-03
3.400000000000000244e-04
9.500000000000001065e-04
3.300000000000000524e-04
1.170000000000000033e-03
2.200000000000000078e-04
2.920000000000000286e-03
3.500000000000000507e-04
3.410000000000000270e-03
1.700000000000000122e-04
4.900000000000000709e-03
5.200000000000000629e-04
3.480000000000000454e-03
1.190000000000000085e-03
4.010000000000000543e-03
7.500000000000000156e-04
4.490000000000000067e-03
2.700000000000000035e-04
3.099999999999999999e-04
1.430000000000000064e-03
2.800000000000000297e-04
1.500000000000000140e-04
1.690000000000000096e-03
4.100000000000000454e-04
1.030000000000000100e-03
2.300000000000000070e-04
2.560000000000000209e-03
4.400000000000000157e-04
1.090000000000000040e-03
4.200000000000000174e-04
3.230000000000000232e-03
2.970000000000000417e-03
2.470000000000000407e-03
2.600000000000000314e-04
5.570000000000000298e-03
1.500000000000000140e-04
6.500000000000000786e-04
5.800000000000000034e-04
2.340000000000000066e-03
2.290000000000000369e-03
1.000000000000000021e-03
1.800000000000000113e-04
1.466000000000000116e-02
1.710000000000000148e-03
2.400000000000000223e-03
4.700000000000000401e-04
4.789999999999999987e-03
1.770000000000000089e-03
1.300000000000000157e-03
1.900000000000000105e-04
9.000000000000000838e-04
4.000000000000000192e-04
4.150000000000000043e-03
2.740000000000000248e-03
5.700000000000000856e-04
1.000000000000000082e-05
9.360000000000000264e-03
2.480000000000000000e-03
4.560000000000000685e-03
1.800000000000000113e-04
5.500000000000000331e-04
3.700000000000000489e-04
1.210000000000000138e-02
3.600000000000000227e-04
3.510000000000000099e-03
7.600000000000000418e-04
7.820000000000000562e-03
1.200000000000000166e-04
1.400000000000000148e-04
4.000000000000000192e-04
4.210000000000000200e-03
9.460000000000001394e-03
2.550000000000000183e-03
3.300000000000000524e-04
1.320000000000000210e-03
2.600000000000000314e-04
3.700000000000000489e-04
2.800000000000000297e-04
2.010000000000000068e-03
2.000000000000000096e-04
2.290000000000000369e-03
2.700000000000000035e-04
1.260000000000000052e-03
4.100000000000000454e-04
1.390000000000000176e-03
3.600000000000000227e-04
1.071000000000000077e-02
4.900000000000000926e-04
1.284000000000000072e-02
9.520000000000000684e-03
3.050000000000000194e-03
8.100000000000000646e-04
1.880000000000000161e-03
3.900000000000000471e-04
7.340000000000000170e-03
1.900000000000000105e-04
1.670000000000000043e-03
4.700000000000000401e-04
1.410000000000000012e-03
2.510000000000000078e-03
1.630000000000000155e-03
5.000000000000000104e-04
1.166000000000000023e-02
3.099999999999999999e-04
1.220000000000000164e-03
2.420000000000000276e-03
4.590000000000000330e-03
3.800000000000000209e-04
1.770000000000000046e-02
6.500000000000000786e-04
3.670000000000000085e-03
1.800000000000000113e-04
6.380000000000000254e-03
4.100000000000000454e-04
1.610000000000000103e-03
3.700000000000000489e-04
5.400000000000000069e-04
3.980000000000000031e-03
6.600000000000001048e-04
1.900000000000000213e-03
1.025000000000000043e-02
3.700000000000000489e-04
6.520000000000000621e-03
3.900000000000000471e-04
9.310000000000000567e-03
3.600000000000000227e-04
7.300000000000000716e-04
3.461000000000000187e-02
2.420000000000000276e-03
8.100000000000000646e-04
9.100000000000001100e-04
5.300000000000000891e-04
8.340000000000000191e-03
1.500000000000000140e-04
4.060000000000000241e-03
1.240000000000000000e-03
9.000000000000000838e-04
1.440000000000000091e-03
2.080000000000000251e-03
4.600000000000000139e-04
7.050000000000000711e-03
2.500000000000000052e-04
5.600000000000000594e-04
4.400000000000000157e-04
4.800000000000000664e-04
5.600000000000000594e-04
9.190000000000000252e-03
1.100000000000000039e-04
6.020000000000000177e-03
2.300000000000000070e-04
3.800000000000000209e-04
1.730000000000000201e-03
5.700000000000000856e-04
1.740000000000000227e-03
2.750000000000000274e-03
7.765000000000001068e-02
8.970000000000000542e-03
4.500000000000000419e-04
3.500000000000000073e-03
2.900000000000000017e-04
1.090000000000000170e-02
4.400000000000000157e-04
1.265000000000000152e-02
3.500000000000000507e-04
4.600000000000000139e-04
3.600000000000000227e-04
1.762000000000000025e-02
3.500000000000000507e-04
1.380000000000000150e-03
3.300000000000000524e-04
2.210000000000000159e-03
7.000000000000000742e-05
4.390000000000000673e-03
1.500000000000000140e-04
2.100000000000000087e-04
1.800000000000000113e-04
3.710000000000000190e-03
3.500000000000000507e-04
3.540000000000000178e-03
1.250000000000000026e-03
1.530000000000000110e-03
1.800000000000000113e-04
2.560000000000000209e-03
6.400000000000000524e-04
4.040000000000000188e-03
5.700000000000000856e-04
1.710000000000000148e-03
6.400000000000000524e-04
4.550000000000000225e-03
2.700000000000000035e-04
9.800000000000001852e-04
3.300000000000000524e-04
4.630000000000000435e-03
1.570000000000000215e-03
1.397000000000000151e-02
5.400000000000000069e-04
2.820000000000000024e-03
2.700000000000000035e-04
1.670000000000000043e-03
1.020000000000000073e-03
3.700000000000000164e-03
5.500000000000000331e-04
1.710000000000000148e-03
9.100000000000001100e-04
2.260000000000000290e-03
2.660000000000000038e-03
3.360000000000000139e-03
1.100000000000000039e-04
3.540000000000000178e-03
4.000000000000000192e-04
3.420000000000000297e-03
5.100000000000000366e-03
7.180000000000000618e-03
1.210000000000000138e-03
2.400000000000000332e-04
8.000000000000000654e-05
1.210000000000000138e-03
8.000000000000000654e-05
1.200000000000000166e-04
1.000000000000000082e-05
2.000000000000000164e-05
1.000000000000000082e-05
1.500000000000000140e-04
6.800000000000000488e-04
2.000000000000000042e-03
1.280000000000000105e-03
2.220000000000000185e-03
1.800000000000000113e-04
9.350000000000000672e-03
2.800000000000000405e-03
1.990000000000000015e-03
6.300000000000000261e-04
2.430000000000000302e-03
2.100000000000000087e-04
8.160000000000000586e-03
5.000000000000000104e-04
1.230000000000000190e-03
3.099999999999999999e-04
6.010000000000000585e-03
7.000000000000000742e-05
2.220000000000000185e-03
3.000000000000000415e-05
1.187000000000000034e-02
1.490000000000000222e-03
2.590000000000000288e-03
5.600000000000000594e-04
7.300000000000000716e-04
7.000000000000000742e-05
4.300000000000000003e-03
7.300000000000000716e-04
2.820000000000000024e-03
1.600000000000000131e-04
4.210000000000000200e-03
5.700000000000000856e-04
3.500000000000000507e-04
2.500000000000000052e-04
3.480000000000000454e-03
4.200000000000000174e-04
1.000000000000000021e-02
3.400000000000000244e-04
7.740000000000000352e-03
2.600000000000000314e-04
1.110000000000000092e-03
2.900000000000000017e-04
8.500000000000000611e-04
1.910000000000000239e-03
4.290000000000000410e-03
1.310000000000000183e-03
9.500000000000001065e-04
1.810000000000000194e-03
1.630000000000000155e-03
1.170000000000000033e-03
1.750000000000000036e-03
2.200000000000000078e-04
7.919999999999999957e-03
3.290000000000000389e-03
9.500000000000001065e-04
7.200000000000000453e-04
9.000000000000000567e-05
5.200000000000000629e-04
3.400000000000000244e-04
2.600000000000000314e-04
9.899999999999999946e-04
3.300000000000000524e-04
4.129999999999999991e-03
7.000000000000000742e-05
1.000000000000000082e-05
1.000000000000000082e-05
4.870000000000000197e-03
1.490000000000000222e-03
3.180000000000000101e-03
2.200000000000000078e-04
1.490000000000000222e-03
7.600000000000000418e-04
2.880000000000000181e-03
2.900000000000000017e-04
5.120000000000000419e-03
2.800000000000000297e-04
3.510000000000000099e-03
5.300000000000000891e-04
1.750000000000000036e-03
4.100000000000000454e-04
4.900000000000000709e-03
7.700000000000000247e-03
1.910000000000000239e-03
2.900000000000000017e-04
1.880000000000000161e-03
1.300000000000000157e-04
2.010000000000000068e-03
1.240000000000000000e-03
8.800000000000000313e-04
1.000000000000000048e-04
9.900000000000000813e-03
1.040000000000000126e-03
8.400000000000000348e-04
6.400000000000000524e-04
3.610000000000000361e-03
2.600000000000000314e-04
1.394000000000000100e-02
4.368000000000000355e-02
1.230000000000000190e-03
4.200000000000000174e-04
4.789999999999999987e-03
3.500000000000000507e-04
3.000000000000000279e-04
2.139999999999999975e-03
3.959999999999999978e-03
2.700000000000000035e-04
6.800000000000000488e-04
2.670000000000000064e-03
3.230000000000000232e-03
2.500000000000000052e-04
3.120000000000000377e-03
3.600000000000000227e-04
8.500000000000000611e-04
3.400000000000000244e-04
2.790000000000000379e-03
2.900000000000000017e-04
6.850000000000000186e-03
3.500000000000000507e-04
4.380000000000000213e-03
3.000000000000000279e-04
1.870000000000000134e-03
1.262000000000000101e-02
3.500000000000000073e-03
1.210000000000000138e-03
1.130000000000000145e-03
2.000000000000000096e-04
2.870000000000000155e-03
5.600000000000000594e-04
2.139999999999999975e-03
1.300000000000000157e-04
3.520000000000000125e-03
4.600000000000000139e-04
7.500000000000000156e-04
5.600000000000000594e-04
2.290000000000000369e-03
4.300000000000000436e-04
2.440000000000000328e-03
3.820000000000000479e-03
7.440000000000000432e-03
4.700000000000000401e-04
3.800000000000000426e-03
2.515000000000000221e-02
4.560000000000000685e-03
2.400000000000000332e-04
9.200000000000000278e-04
2.800000000000000297e-04
4.500000000000000527e-03
7.900000000000000121e-04
4.500000000000000419e-04
1.590000000000000050e-03
9.080000000000001265e-03
3.900000000000000471e-04
7.750000000000000812e-03
3.390000000000000218e-03
3.580000000000000283e-03
3.500000000000000507e-04
3.060000000000000220e-03
1.900000000000000105e-04
3.260000000000000311e-03
6.130000000000000900e-03
4.800000000000000664e-04
5.310000000000000484e-03
8.500000000000000611e-04
3.610000000000000361e-03
6.800000000000000488e-04
1.000000000000000082e-05
3.190000000000000127e-03
3.900000000000000471e-04
8.230000000000001203e-03
1.000000000000000048e-04
2.700000000000000035e-04
4.400000000000000157e-04
4.080000000000000293e-03
6.000000000000000559e-04
5.660000000000000100e-03
1.220000000000000164e-03
8.900000000000000576e-04
3.340000000000000087e-03
6.100000000000000387e-03
1.630000000000000155e-03
2.790000000000000379e-03
1.600000000000000131e-04
3.800000000000000209e-04
3.099999999999999999e-04
5.500000000000000331e-04
7.700000000000000681e-04
1.530000000000000110e-03
2.300000000000000070e-04
1.520000000000000170e-02
4.900000000000000926e-04
5.100000000000000366e-04
4.400000000000000157e-04
1.830000000000000246e-03
3.800000000000000209e-04
1.126000000000000091e-02
4.300000000000000436e-04
1.081000000000000016e-02
1.840000000000000056e-03
9.000000000000000567e-05
9.700000000000000505e-04
5.900000000000000296e-04
1.310000000000000183e-03
4.300000000000000436e-04
1.130000000000000145e-03
5.690000000000000613e-03
2.300000000000000070e-04
1.670000000000000043e-03
7.500000000000000156e-04
1.238000000000000038e-02
1.000000000000000048e-04
4.420000000000000318e-03
1.100000000000000039e-04
1.700000000000000122e-03
1.600000000000000131e-04
2.950000000000000365e-03
4.717000000000000359e-02
1.300000000000000157e-04
3.033000000000000279e-02
2.980000000000000444e-03
1.049000000000000106e-02
1.810000000000000194e-03
1.500000000000000140e-04
4.920000000000000762e-03
4.500000000000000419e-04
1.100000000000000039e-04
4.500000000000000419e-04
3.040000000000000167e-03
3.200000000000000262e-04
9.310000000000000567e-03
1.000000000000000082e-05
4.290000000000000410e-03
2.800000000000000297e-04
1.969999999999999963e-03
5.600000000000000594e-04
8.440000000000001321e-03
1.237000000000000079e-02
2.520000000000000104e-03
4.400000000000000157e-04
7.510000000000000182e-03
1.460000000000000143e-03
2.960000000000000391e-03
3.500000000000000507e-04
1.400000000000000029e-02
2.400000000000000332e-04
5.100000000000000366e-04
8.400000000000000348e-04
6.160000000000000545e-03
2.200000000000000078e-04
6.240000000000000754e-03
2.600000000000000314e-04
2.150000000000000001e-03
4.000000000000000192e-04
2.630000000000000393e-03
4.500000000000000419e-04
2.400000000000000332e-04
3.900000000000000471e-04
6.000000000000000559e-04
4.000000000000000192e-04
7.700000000000000681e-04
1.310000000000000183e-03
9.600000000000001327e-04
9.500000000000001065e-04
1.260000000000000052e-03
1.410000000000000012e-03
4.820000000000000499e-03
8.000000000000000654e-05
2.170000000000000054e-03
4.000000000000000192e-04
4.449999999999999963e-03
1.150000000000000197e-03
7.640000000000000957e-03
7.900000000000000121e-04
3.420000000000000297e-03
5.000000000000000104e-04
3.160000000000000048e-03
1.679000000000000284e-02
1.230000000000000190e-03
3.270000000000000337e-03
1.770000000000000089e-03
2.400000000000000332e-04
2.840000000000000076e-03
3.500000000000000507e-04
5.030000000000000616e-03
4.000000000000000192e-04
5.100000000000000366e-03
1.400000000000000148e-04
2.990000000000000036e-03
4.400000000000000157e-04
7.800000000000000943e-04
6.300000000000000261e-04
8.900000000000000576e-04
3.900000000000000471e-04
7.950000000000000469e-03
2.000000000000000096e-04
5.200000000000000629e-04
1.900000000000000105e-04
2.930000000000000313e-03
1.110000000000000092e-03
2.520000000000000104e-03
2.400000000000000332e-04
2.330000000000000040e-03
3.400000000000000244e-04
3.300000000000000416e-03
3.000000000000000279e-04
1.360000000000000098e-03
3.200000000000000262e-04
1.850000000000000082e-03
4.100000000000000346e-03
2.210000000000000159e-03
3.240000000000000258e-03
2.200000000000000078e-04
2.720000000000000195e-03
1.700000000000000122e-04
6.085000000000000825e-02
1.468000000000000034e-02
6.100000000000000821e-04
2.090000000000000278e-03
1.800000000000000113e-04
3.700000000000000489e-04
