1.680000000000000070e-03
2.600000000000000314e-04
9.220000000000000764e-03
4.500000000000000419e-04
1.020000000000000073e-03
1.640000000000000182e-03
2.636000000000000149e-02
2.600000000000000314e-04
1.553000000000000214e-02
6.100000000000000821e-04
1.770000000000000089e-03
6.800000000000000488e-04
1.380000000000000150e-03
5.400000000000000069e-04
1.250000000000000026e-03
2.300000000000000070e-04
2.000000000000000042e-03
5.900000000000000296e-04
1.787000000000000047e-02
1.969999999999999963e-03
1.320000000000000210e-03
3.400000000000000244e-04
4.129999999999999991e-03
6.800000000000000488e-04
4.470000000000000015e-03
3.400000000000000244e-04
7.970000000000001389e-03
4.200000000000000174e-04
6.199999999999999999e-04
4.100000000000000454e-04
3.760000000000000321e-03
2.200000000000000078e-04
4.590000000000000330e-03
7.110000000000000868e-03
3.830000000000000505e-03
4.900000000000000926e-04
6.680000000000000174e-03
2.500000000000000052e-04
2.840000000000000076e-03
2.200000000000000078e-04
7.650000000000000550e-03
5.000000000000000240e-05
3.850000000000000124e-03
2.500000000000000052e-04
4.940000000000000814e-03
1.700000000000000122e-04
1.810000000000000194e-03
9.899999999999999946e-04
2.560000000000000209e-03
2.200000000000000078e-04
3.730000000000000242e-03
3.099999999999999999e-04
1.300000000000000157e-04
4.220000000000000140e-02
1.040000000000000126e-03
3.000000000000000279e-04
3.440000000000000349e-03
3.700000000000000489e-04
2.600000000000000314e-04
3.099999999999999999e-04
4.560000000000000685e-03
1.100000000000000039e-04
4.540000000000000632e-03
1.270000000000000078e-03
9.630000000000001406e-03
5.300000000000000891e-04
8.880000000000000740e-03
2.200000000000000133e-03
1.900000000000000213e-03
8.800000000000000313e-04
3.460000000000000402e-03
1.400000000000000148e-04
1.700000000000000122e-03
6.900000000000000751e-04
3.340000000000000087e-03
4.700000000000000401e-04
5.370000000000000641e-03
3.300000000000000524e-04
2.020000000000000094e-03
4.600000000000000139e-04
7.490000000000000997e-03
9.000000000000000567e-05
9.980000000000001023e-03
2.130000000000000383e-03
7.400000000000000978e-04
2.100000000000000130e-02
1.360000000000000098e-03
1.000000000000000021e-03
4.080000000000000293e-03
1.100000000000000039e-04
1.780000000000000115e-03
1.300000000000000157e-04
1.460000000000000143e-03
5.000000000000000104e-04
4.950000000000000407e-03
4.619999999999999975e-03
1.030000000000000100e-03
5.590000000000000351e-03
3.830000000000000505e-03
4.230000000000000253e-03
6.380000000000000254e-03
5.400000000000000069e-04
2.150000000000000001e-03
7.800000000000000943e-04
9.200000000000001579e-03
4.051000000000000434e-02
3.890000000000000228e-03
1.510000000000000057e-03
1.840000000000000056e-03
4.700000000000000401e-04
1.860000000000000108e-03
1.600000000000000131e-04
5.100000000000000366e-04
4.200000000000000174e-04
9.260000000000000869e-03
3.800000000000000209e-04
3.600000000000000227e-04
1.100000000000000039e-04
2.550000000000000183e-03
2.670000000000000064e-03
4.959999999999999999e-03
3.800000000000000209e-04
3.150000000000000456e-03
2.300000000000000070e-04
6.500000000000000786e-04
3.600000000000000227e-04
5.600000000000000594e-04
3.200000000000000262e-04
3.350000000000000113e-03
3.200000000000000262e-04
2.690000000000000117e-03
1.700000000000000122e-04
7.500000000000000156e-04
2.500000000000000052e-03
1.334000000000000116e-02
2.800000000000000297e-04
1.690000000000000096e-03
7.000000000000000742e-05
4.100000000000000346e-03
5.200000000000000629e-04
2.100000000000000087e-04
3.810000000000000452e-03
4.570000000000000277e-03
8.000000000000000383e-04
4.260000000000000765e-03
4.800000000000000664e-04
6.290000000000000452e-03
4.100000000000000454e-04
2.110000000000000330e-03
2.600000000000000314e-04
2.510000000000000078e-03
3.000000000000000279e-04
2.560000000000000209e-03
3.320000000000000468e-03
8.480000000000001426e-03
1.190000000000000085e-03
1.630000000000000199e-02
6.800000000000000488e-04
1.660000000000000234e-03
2.700000000000000035e-04
1.229000000000000058e-02
1.580000000000000024e-03
4.390000000000000673e-03
2.900000000000000017e-04
4.020000000000000136e-03
1.610000000000000103e-03
6.250000000000000347e-03
1.700000000000000122e-04
1.600000000000000077e-03
3.500000000000000507e-04
2.480000000000000000e-03
5.500000000000000331e-04
1.206000000000000127e-02
7.600000000000000418e-04
1.655000000000000221e-02
6.000000000000000559e-04
1.230000000000000190e-03
2.200000000000000078e-04
1.950000000000000127e-03
4.800000000000000664e-04
2.910000000000000260e-03
1.069999999999999988e-03
5.270000000000000379e-03
3.600000000000000227e-04
4.920000000000000762e-03
7.000000000000000742e-05
5.730000000000000718e-03
1.600000000000000131e-04
3.740000000000000269e-03
5.300000000000000891e-04
8.510000000000000203e-03
3.099999999999999999e-04
1.500000000000000031e-03
1.520000000000000084e-03
1.900000000000000213e-03
9.300000000000000541e-04
1.238000000000000038e-02
2.080000000000000251e-03
1.670000000000000043e-03
4.000000000000000192e-04
7.810000000000000969e-03
3.700000000000000489e-04
5.000000000000000104e-03
2.540000000000000157e-03
3.959999999999999978e-03
1.114000000000000060e-02
5.550000000000000246e-03
9.400000000000000803e-04
9.890000000000001221e-03
3.400000000000000244e-04
1.449000000000000114e-02
3.200000000000000262e-04
2.990000000000000036e-03
3.770000000000000347e-03
3.099999999999999999e-04
4.600000000000000139e-04
3.050000000000000194e-03
2.000000000000000164e-05
1.000000000000000082e-05
1.000000000000000082e-05
5.860000000000000625e-03
1.990000000000000015e-03
2.080000000000000251e-03
3.400000000000000244e-04
1.730000000000000201e-03
4.600000000000000139e-04
1.480000000000000196e-03
5.000000000000000104e-04
1.790000000000000141e-03
7.000000000000000742e-05
4.040000000000000188e-03
2.800000000000000405e-03
3.440000000000000349e-03
1.800000000000000113e-04
7.900000000000000121e-04
3.400000000000000244e-04
5.800000000000000034e-04
2.500000000000000052e-04
2.130000000000000383e-03
2.700000000000000035e-04
7.500000000000000156e-04
4.300000000000000436e-04
1.400000000000000203e-03
1.280000000000000105e-03
3.700000000000000489e-04
1.390000000000000176e-03
1.040000000000000126e-03
4.000000000000000192e-04
5.560000000000000706e-03
2.410000000000000250e-03
3.040000000000000167e-03
5.800000000000000034e-04
3.200000000000000153e-03
4.900000000000000926e-04
2.180000000000000080e-03
7.000000000000000742e-05
4.660000000000000080e-03
3.200000000000000262e-04
2.000000000000000042e-03
5.000000000000000240e-05
1.770000000000000089e-03
2.040000000000000147e-03
3.340000000000000087e-03
3.480000000000000454e-03
2.750000000000000274e-03
7.000000000000000742e-05
5.880000000000000678e-03
1.880000000000000161e-03
7.020000000000000198e-03
2.200000000000000078e-04
2.200000000000000078e-04
7.000000000000000742e-05
7.570000000000000340e-03
1.600000000000000131e-04
4.780000000000000394e-03
5.700000000000000856e-04
9.810000000000001011e-03
1.280000000000000105e-03
7.200000000000000670e-03
2.700000000000000035e-04
7.740000000000000352e-03
8.600000000000000873e-04
1.440000000000000091e-03
3.200000000000000262e-04
6.700000000000000226e-03
9.899999999999999946e-04
4.410000000000000725e-03
5.400000000000000069e-04
3.410000000000000270e-03
1.100000000000000039e-04
9.000000000000000838e-04
2.600000000000000314e-04
1.300000000000000157e-03
4.700000000000000401e-04
1.300000000000000157e-03
3.400000000000000244e-04
1.040000000000000126e-02
1.210000000000000138e-03
5.110000000000000826e-03
3.300000000000000524e-04
4.030000000000000596e-03
2.400000000000000332e-04
1.806000000000000313e-02
1.400000000000000148e-04
1.690000000000000096e-03
1.210000000000000138e-03
7.000000000000000742e-05
1.200000000000000112e-03
2.950000000000000365e-03
3.099999999999999999e-04
6.400000000000000524e-04
6.199999999999999999e-04
1.690000000000000096e-03
2.100000000000000087e-04
9.000000000000000567e-05
7.900000000000000121e-04
5.400000000000000069e-04
1.700000000000000122e-04
1.500000000000000031e-03
1.000000000000000082e-05
1.200000000000000166e-04
5.240000000000000734e-03
1.400000000000000148e-04
3.700000000000000489e-04
2.530000000000000131e-03
4.300000000000000436e-04
1.065000000000000148e-02
3.300000000000000524e-04
4.789999999999999987e-03
4.300000000000000436e-04
6.530000000000000214e-03
2.900000000000000017e-04
1.267000000000000071e-02
2.100000000000000304e-03
5.070000000000000721e-03
2.400000000000000332e-04
1.680000000000000070e-03
3.500000000000000507e-04
4.300000000000000436e-04
9.000000000000000567e-05
2.000000000000000164e-05
3.900000000000000471e-04
1.300000000000000157e-03
2.500000000000000052e-04
1.850000000000000082e-03
1.700000000000000122e-04
3.450000000000000375e-03
9.500000000000001065e-04
7.800000000000000509e-03
1.600000000000000131e-04
5.700000000000000856e-04
3.200000000000000262e-04
2.640000000000000419e-03
7.000000000000001013e-04
2.850000000000000103e-03
4.900000000000000926e-04
6.960000000000000908e-03
4.260000000000000765e-03
3.790000000000000400e-03
4.600000000000000139e-04
2.830000000000000050e-03
4.700000000000000401e-04
4.000000000000000192e-04
3.200000000000000262e-04
1.660000000000000234e-03
1.300000000000000157e-04
1.190000000000000085e-03
7.800000000000000943e-04
2.700000000000000035e-04
1.700000000000000122e-04
5.000000000000000104e-04
3.500000000000000507e-04
2.100000000000000087e-04
1.700000000000000122e-04
3.330000000000000061e-03
3.500000000000000507e-04
1.540000000000000136e-03
7.100000000000000191e-04
8.830000000000001042e-03
1.160000000000000007e-03
8.230000000000001203e-03
2.790000000000000379e-03
6.390000000000000714e-03
2.800000000000000297e-04
3.900000000000000471e-04
6.000000000000000830e-05
4.100000000000000454e-04
4.640000000000000027e-03
1.000000000000000021e-02
1.321000000000000126e-02
5.940000000000000835e-03
2.500000000000000052e-04
6.300000000000000912e-03
4.500000000000000419e-04
4.600000000000000139e-04
1.300000000000000157e-04
3.110000000000000351e-03
5.200000000000000629e-04
2.130000000000000383e-03
6.900000000000000751e-04
4.700000000000000185e-03
5.600000000000000594e-04
1.250000000000000026e-03
1.500000000000000140e-04
7.100000000000000191e-04
6.900000000000000751e-04
3.430000000000000323e-03
3.900000000000000471e-04
1.040000000000000126e-03
3.099999999999999999e-04
4.560000000000000685e-03
1.400000000000000148e-04
5.030000000000000616e-03
1.100000000000000039e-04
1.670000000000000043e-03
6.500000000000000786e-04
1.270000000000000078e-03
1.120000000000000119e-03
4.940000000000000814e-03
4.500000000000000419e-04
2.200000000000000133e-03
2.139999999999999975e-03
1.180000000000000059e-03
1.135000000000000071e-02
8.600000000000000873e-04
1.090000000000000040e-03
5.600000000000000594e-04
5.500000000000000331e-04
1.370000000000000124e-03
3.900000000000000471e-04
4.700000000000000401e-04
3.300000000000000524e-04
4.300000000000000436e-04
1.700000000000000122e-04
1.090000000000000040e-03
6.000000000000000559e-04
2.010000000000000068e-03
6.400000000000000524e-04
5.670000000000000560e-03
1.900000000000000105e-04
1.670000000000000043e-03
6.520000000000000621e-03
8.130000000000000074e-03
2.200000000000000078e-04
2.800000000000000405e-03
5.300000000000000891e-04
2.110000000000000330e-03
1.300000000000000157e-04
4.670000000000000540e-03
4.100000000000000454e-04
5.800000000000000034e-04
1.900000000000000105e-04
5.200000000000000629e-04
3.600000000000000227e-04
2.350000000000000092e-03
8.970000000000000542e-03
7.100000000000000191e-04
6.000000000000000559e-04
2.900000000000000234e-03
3.200000000000000262e-04
5.000000000000000104e-03
3.000000000000000279e-04
5.240000000000000734e-03
1.900000000000000105e-04
1.390000000000000090e-02
5.200000000000000629e-04
6.010000000000000585e-03
2.200000000000000078e-04
1.440000000000000091e-03
4.700000000000000401e-04
5.500000000000000331e-04
5.000000000000000240e-05
5.490000000000000088e-03
1.200000000000000112e-03
1.260000000000000052e-03
5.300000000000000891e-04
7.600000000000000418e-04
9.300000000000000541e-04
3.880000000000000202e-03
4.400000000000000157e-04
1.010000000000000047e-03
3.290000000000000389e-03
2.800000000000000405e-03
2.410000000000000250e-03
1.386000000000000079e-02
2.600000000000000314e-04
5.300000000000000891e-04
6.000000000000000559e-04
1.710000000000000148e-03
4.549000000000000266e-02
2.900000000000000017e-04
4.150000000000000043e-03
1.500000000000000031e-03
9.700000000000000505e-04
9.100000000000001100e-04
4.900000000000000926e-04
1.050000000000000152e-03
1.300000000000000157e-03
1.520000000000000084e-03
4.200000000000000174e-04
6.199999999999999999e-04
5.300000000000000891e-04
1.340000000000000045e-03
5.700000000000000856e-04
1.190000000000000085e-03
1.700000000000000122e-04
2.340000000000000066e-03
4.900000000000000926e-04
8.400000000000000348e-04
2.000000000000000096e-04
3.650000000000000466e-03
8.700000000000001135e-04
1.760000000000000063e-03
1.800000000000000113e-04
4.000000000000000083e-03
1.250000000000000026e-03
8.700000000000001135e-04
1.100000000000000039e-04
9.110000000000000042e-03
2.700000000000000035e-04
3.300000000000000416e-03
7.200000000000000453e-04
1.210000000000000138e-03
1.300000000000000157e-04
4.830000000000000092e-03
7.100000000000000191e-04
1.500000000000000140e-04
3.099999999999999999e-04
1.190000000000000085e-03
3.200000000000000262e-04
3.390000000000000218e-03
4.000000000000000192e-04
4.129999999999999991e-03
1.800000000000000113e-04
2.500000000000000052e-04
3.000000000000000279e-04
2.890000000000000208e-03
1.260000000000000052e-03
8.900000000000000576e-04
2.600000000000000314e-04
3.370000000000000166e-03
4.800000000000000664e-04
4.900000000000000926e-04
1.950000000000000127e-03
6.380000000000000254e-03
2.500000000000000052e-04
6.980000000000000961e-03
3.000000000000000279e-04
6.390000000000000714e-03
4.300000000000000436e-04
8.640000000000000110e-03
1.040000000000000126e-03
7.000000000000001013e-04
4.075000000000000150e-02
2.870000000000000155e-03
1.600000000000000131e-04
1.320000000000000210e-03
2.100000000000000087e-04
2.770000000000000327e-03
1.130000000000000145e-03
3.800000000000000209e-04
3.800000000000000209e-04
2.600000000000000314e-04
3.500000000000000507e-04
6.340000000000000149e-03
8.600000000000000873e-04
1.330000000000000019e-03
2.490000000000000026e-03
2.400000000000000332e-04
3.400000000000000244e-04
3.760000000000000321e-03
3.099999999999999999e-04
2.105000000000000274e-02
5.960000000000000887e-03
1.069999999999999988e-03
8.000000000000000383e-04
5.820000000000000520e-03
5.100000000000000366e-04
1.260000000000000052e-03
2.900000000000000017e-04
6.420000000000000359e-03
2.450000000000000355e-03
1.969999999999999963e-03
3.000000000000000279e-04
1.630000000000000155e-03
1.300000000000000157e-04
1.283000000000000113e-02
1.700000000000000122e-03
1.400000000000000203e-03
7.900000000000000121e-04
3.870000000000000176e-03
4.400000000000000157e-04
1.118000000000000070e-02
3.700000000000000489e-04
1.400000000000000203e-03
1.200000000000000166e-04
1.990000000000000015e-03
4.800000000000000664e-04
5.520000000000000601e-03
3.170000000000000075e-03
4.950000000000000407e-03
2.800000000000000297e-04
3.190000000000000127e-03
4.100000000000000454e-04
8.800000000000000313e-04
3.500000000000000507e-04
1.800000000000000168e-03
4.900000000000000926e-04
7.200000000000000453e-04
1.490000000000000222e-03
5.630000000000000455e-03
1.900000000000000105e-04
5.180000000000000576e-03
2.600000000000000314e-04
2.280000000000000342e-03
3.800000000000000209e-04
6.600000000000001048e-04
9.000000000000000567e-05
3.580000000000000283e-03
4.000000000000000192e-04
1.530000000000000110e-03
1.800000000000000113e-04
2.060000000000000199e-03
9.700000000000000505e-04
1.000000000000000021e-03
2.200000000000000078e-04
1.960000000000000370e-03
4.700000000000000401e-04
1.069999999999999988e-03
3.200000000000000262e-04
1.310000000000000183e-03
1.156000000000000083e-02
3.820000000000000479e-03
4.600000000000000139e-04
2.400000000000000332e-04
3.300000000000000524e-04
3.300000000000000524e-04
4.800000000000000664e-04
4.350000000000000568e-03
3.400000000000000244e-04
3.400000000000000244e-03
2.800000000000000297e-04
4.500000000000000527e-03
3.099999999999999999e-04
3.770000000000000347e-03
3.500000000000000507e-04
4.770000000000000802e-03
1.570000000000000215e-03
2.000000000000000042e-03
2.200000000000000078e-04
3.810000000000000452e-03
7.600000000000000418e-04
4.060000000000000241e-03
2.300000000000000070e-04
1.740000000000000227e-03
5.900000000000000296e-04
4.100000000000000454e-04
8.700000000000001135e-04
8.000000000000000383e-04
9.000000000000000838e-04
3.500000000000000507e-04
8.900000000000000576e-04
2.880000000000000181e-03
1.440000000000000091e-03
2.400000000000000332e-04
3.391000000000000264e-02
2.850000000000000103e-03
8.300000000000001170e-04
5.600000000000000594e-04
4.100000000000000172e-02
8.300000000000001170e-04
5.900000000000000296e-04
2.090000000000000278e-03
7.000000000000000742e-05
2.760000000000000300e-03
9.000000000000000567e-05
2.800000000000000297e-04
1.200000000000000166e-04
1.336000000000000035e-02
3.900000000000000471e-04
1.470000000000000169e-03
5.200000000000000629e-04
2.230000000000000211e-03
1.100000000000000039e-04
1.130000000000000145e-03
1.200000000000000166e-04
1.080000000000000014e-03
2.730000000000000222e-03
8.100000000000000646e-04
2.100000000000000087e-04
7.000000000000001013e-04
3.000000000000000279e-04
7.200000000000000453e-04
4.500000000000000419e-04
5.130000000000000011e-03
1.300000000000000157e-04
1.800000000000000113e-04
1.870000000000000134e-03
2.890000000000000208e-03
2.200000000000000078e-04
3.700000000000000489e-04
4.000000000000000192e-04
5.000000000000000104e-04
2.200000000000000078e-04
3.700000000000000489e-04
2.900000000000000017e-04
6.900000000000000751e-04
2.760000000000000300e-03
1.300000000000000157e-03
7.700000000000000681e-04
1.920000000000000265e-03
3.400000000000000244e-04
2.860000000000000129e-03
2.300000000000000070e-04
6.290000000000000452e-03
3.800000000000000209e-04
1.670000000000000043e-03
2.800000000000000297e-04
5.600000000000000594e-04
1.000000000000000082e-05
1.000000000000000082e-05
1.000000000000000082e-05
1.000000000000000082e-05
1.000000000000000082e-05
4.610000000000000382e-03
1.200000000000000166e-04
4.700000000000000401e-04
7.000000000000000742e-05
1.260000000000000052e-03
2.500000000000000052e-04
1.286000000000000164e-02
4.720000000000000237e-03
9.600000000000001327e-04
1.900000000000000105e-04
3.530000000000000152e-03
4.800000000000000664e-04
6.190000000000000190e-03
4.412000000000000643e-02
6.690000000000000634e-03
1.570000000000000215e-03
2.540000000000000157e-03
7.300000000000000716e-04
9.000000000000001055e-03
5.800000000000000034e-04
4.030000000000000596e-03
7.300000000000000716e-04
5.840000000000000573e-03
3.099999999999999999e-04
5.220000000000000681e-03
2.300000000000000070e-04
4.400000000000000157e-04
4.500000000000000419e-04
6.550000000000000266e-03
2.400000000000000332e-04
4.000000000000000192e-04
4.800000000000000664e-04
1.800000000000000113e-04
3.700000000000000489e-04
4.460000000000000422e-03
3.400000000000000244e-04
4.410000000000000725e-03
7.879999999999999852e-03
3.650000000000000466e-03
2.032000000000000126e-02
3.220000000000000206e-03
9.000000000000000567e-05
9.700000000000000505e-04
2.300000000000000070e-04
2.040000000000000147e-03
2.400000000000000332e-04
2.730000000000000222e-03
1.330000000000000019e-03
7.300000000000000716e-04
5.600000000000000594e-04
1.528000000000000191e-02
5.400000000000000069e-04
5.600000000000000594e-04
6.700000000000000226e-04
1.560000000000000189e-03
2.100000000000000087e-04
1.620000000000000129e-03
3.850000000000000124e-03
6.500000000000000786e-04
1.400000000000000148e-04
3.140000000000000430e-03
5.500000000000000331e-04
2.510000000000000078e-03
7.300000000000000716e-04
8.700000000000001135e-04
1.220000000000000164e-03
2.160000000000000028e-03
7.600000000000000418e-04
3.110000000000000351e-03
3.600000000000000227e-04
8.400000000000000348e-04
4.320000000000000055e-03
1.050000000000000065e-02
2.353000000000000230e-02
3.790000000000000400e-03
4.300000000000000003e-03
4.490000000000000067e-03
9.000000000000000567e-05
1.760000000000000063e-03
2.100000000000000087e-04
1.670000000000000043e-03
1.700000000000000122e-04
3.110000000000000351e-03
1.900000000000000105e-04
7.100000000000000408e-03
3.700000000000000489e-04
8.620000000000000925e-03
4.400000000000000157e-04
1.030000000000000100e-03
3.000000000000000279e-04
1.470000000000000169e-03
1.600000000000000131e-04
1.098000000000000018e-02
2.100000000000000087e-04
1.800000000000000168e-03
6.300000000000000261e-04
4.400000000000000265e-03
1.100000000000000039e-04
1.090000000000000040e-03
1.620000000000000129e-03
5.380000000000000233e-03
2.800000000000000297e-04
1.215000000000000108e-02
2.100000000000000087e-04
1.960000000000000370e-03
4.500000000000000419e-04
4.000000000000000327e-05
3.500000000000000507e-04
3.230000000000000232e-03
3.400000000000000244e-04
2.960000000000000391e-03
2.200000000000000078e-04
1.630000000000000155e-03
3.099999999999999999e-04
1.086000000000000160e-02
2.300000000000000070e-04
1.900000000000000213e-03
4.700000000000000401e-04
1.737000000000000002e-02
4.900000000000000926e-04
2.120000000000000356e-03
1.360000000000000098e-03
6.800000000000000488e-04
3.900000000000000471e-04
4.700000000000000401e-04
3.099999999999999999e-04
1.140000000000000041e-02
1.000000000000000048e-04
8.700000000000001135e-04
2.800000000000000297e-04
6.900000000000000751e-04
1.400000000000000148e-04
6.590000000000000371e-03
6.800000000000000488e-04
7.400000000000000978e-04
2.800000000000000297e-04
3.980000000000000031e-03
2.000000000000000096e-04
3.400000000000000244e-03
5.000000000000000104e-04
5.030000000000000616e-03
1.200000000000000166e-04
2.960000000000000391e-03
2.300000000000000070e-04
1.630000000000000155e-03
1.200000000000000166e-04
2.700000000000000035e-04
3.700000000000000489e-04
1.643000000000000016e-02
1.900000000000000105e-04
9.400000000000000803e-04
4.600000000000000139e-04
2.050000000000000173e-03
6.600000000000001048e-04
1.610000000000000103e-03
1.490000000000000222e-03
1.730000000000000201e-03
3.500000000000000507e-04
3.370000000000000166e-03
3.117000000000000326e-02
2.700000000000000035e-04
1.100000000000000039e-04
3.880000000000000202e-03
1.880000000000000161e-03
4.800000000000000664e-04
4.800000000000000664e-04
1.060000000000000178e-03
7.200000000000000453e-04
1.100000000000000039e-04
3.700000000000000489e-04
2.600000000000000314e-03
1.790000000000000141e-03
1.300000000000000157e-04
2.300000000000000070e-04
1.990000000000000015e-03
1.530000000000000110e-03
5.200000000000000629e-04
3.000000000000000279e-04
1.510000000000000057e-03
5.400000000000000069e-04
2.690000000000000117e-03
4.300000000000000436e-04
1.760000000000000063e-03
4.800000000000000664e-04
1.240000000000000000e-03
9.800000000000001852e-04
2.100000000000000304e-03
1.500000000000000140e-04
1.200000000000000166e-04
4.200000000000000174e-04
9.370000000000001592e-03
1.480000000000000196e-03
6.180000000000000597e-03
5.100000000000000366e-04
4.540000000000000632e-03
2.800000000000000297e-04
3.500000000000000507e-04
9.000000000000000838e-04
1.630000000000000155e-03
3.300000000000000524e-04
9.760000000000001313e-03
3.300000000000000524e-04
1.490000000000000222e-03
2.200000000000000078e-04
4.820000000000000499e-03
2.700000000000000035e-04
3.630000000000000414e-03
2.260000000000000290e-03
4.959999999999999999e-03
3.800000000000000209e-04
7.000000000000000742e-05
2.600000000000000314e-04
2.640000000000000419e-03
1.700000000000000122e-04
5.050000000000000669e-03
6.000000000000000830e-05
9.300000000000000541e-04
5.000000000000000240e-05
8.580000000000000820e-03
1.900000000000000105e-04
2.400000000000000223e-03
2.400000000000000332e-04
1.300000000000000157e-03
3.700000000000000489e-04
1.489000000000000046e-02
4.840000000000000552e-03
1.900000000000000213e-03
4.800000000000000664e-04
2.000000000000000096e-04
1.210000000000000138e-03
4.800000000000000664e-04
2.200000000000000078e-04
2.800000000000000405e-03
3.700000000000000489e-04
