1.780000000000000115e-03
1.800000000000000113e-04
2.810000000000000431e-03
6.300000000000000261e-04
4.200000000000000608e-03
4.400000000000000157e-04
5.340000000000000129e-03
4.600000000000000139e-04
3.980000000000000031e-03
7.000000000000000742e-05
7.770000000000000864e-03
2.300000000000000070e-04
2.360000000000000119e-03
1.912000000000000158e-02
2.240000000000000237e-03
3.430000000000000323e-03
7.000000000000001013e-04
3.099999999999999999e-04
6.140000000000000492e-03
4.200000000000000174e-04
4.430000000000000777e-03
3.600000000000000227e-04
1.410000000000000012e-03
4.500000000000000419e-04
1.000000000000000048e-04
7.400000000000000978e-04
2.870000000000000155e-03
1.100000000000000039e-04
5.000000000000000104e-04
1.340000000000000045e-03
1.060000000000000178e-03
5.700000000000000856e-04
1.690000000000000096e-03
3.540000000000000178e-03
3.099999999999999999e-04
2.800000000000000297e-04
5.600000000000000810e-03
5.200000000000000629e-04
5.640000000000000048e-03
4.300000000000000436e-04
1.060000000000000178e-03
3.700000000000000489e-04
1.979999999999999989e-03
6.700000000000000226e-04
7.440000000000000432e-03
5.400000000000000069e-04
9.090000000000000857e-03
2.700000000000000035e-04
2.360000000000000119e-03
2.000000000000000096e-04
2.400000000000000332e-04
2.100000000000000087e-04
2.220000000000000185e-03
2.900000000000000017e-04
1.317000000000000115e-02
5.000000000000000104e-04
1.058000000000000086e-02
3.900000000000000471e-04
6.700000000000000226e-03
2.640000000000000419e-03
8.170000000000000179e-03
3.300000000000000524e-04
4.420000000000000318e-03
3.200000000000000262e-04
7.500000000000000156e-04
3.700000000000000489e-04
2.860000000000000129e-03
1.770000000000000089e-03
7.879999999999999852e-03
3.000000000000000279e-04
6.800000000000000488e-04
2.100000000000000087e-04
3.640000000000000440e-03
3.400000000000000244e-04
1.154000000000000165e-02
1.700000000000000122e-04
1.277000000000000184e-02
7.600000000000000418e-04
3.099999999999999999e-04
3.200000000000000262e-04
6.900000000000000751e-04
2.800000000000000297e-04
2.700000000000000143e-03
7.400000000000000978e-04
3.860000000000000150e-03
1.800000000000000113e-04
1.510000000000000057e-03
4.700000000000000401e-04
1.370000000000000124e-03
3.800000000000000209e-04
6.640000000000000936e-03
5.200000000000000629e-04
3.540000000000000178e-03
3.600000000000000227e-04
6.600000000000001048e-04
2.300000000000000070e-04
1.560000000000000189e-03
5.800000000000000034e-04
2.020000000000000094e-03
3.670000000000000085e-03
5.220000000000000681e-03
9.000000000000000838e-04
2.630000000000000393e-03
4.200000000000000174e-04
4.100000000000000454e-04
2.956000000000000294e-02
1.680000000000000070e-03
4.100000000000000454e-04
5.520000000000000601e-03
1.130000000000000145e-03
1.040000000000000126e-03
2.900000000000000017e-04
5.800000000000000034e-04
4.400000000000000157e-04
7.000000000000000146e-03
2.300000000000000070e-04
6.050000000000000690e-03
5.500000000000000331e-04
7.410000000000000787e-03
1.800000000000000113e-04
1.450000000000000117e-03
7.200000000000000453e-04
3.330000000000000061e-03
3.620000000000000388e-03
3.460000000000000402e-03
2.200000000000000133e-03
1.990000000000000015e-03
9.300000000000000541e-04
5.240000000000000734e-03
6.199999999999999999e-04
8.370000000000000703e-03
1.000000000000000048e-04
2.370000000000000145e-03
3.400000000000000244e-04
9.200000000000000278e-04
5.000000000000000240e-05
1.100000000000000039e-04
7.100000000000000191e-04
2.900000000000000017e-04
9.000000000000000567e-05
5.640000000000000048e-03
4.100000000000000454e-04
5.000000000000000240e-05
7.800000000000000943e-04
2.080000000000000251e-03
1.300000000000000157e-04
1.540000000000000136e-03
2.300000000000000070e-04
1.056000000000000168e-02
4.700000000000000401e-04
3.910000000000000281e-03
3.099999999999999999e-04
4.760000000000000342e-03
4.500000000000000419e-04
7.830000000000000154e-03
3.099999999999999999e-04
5.410000000000000746e-03
1.630000000000000155e-03
2.900000000000000017e-04
7.700000000000000681e-04
2.090000000000000278e-03
1.870000000000000134e-03
1.660000000000000234e-03
1.150000000000000197e-03
2.090000000000000278e-03
1.700000000000000122e-04
5.690000000000000613e-03
1.130000000000000145e-03
1.110000000000000092e-03
1.800000000000000113e-04
1.290000000000000131e-03
5.000000000000000240e-05
5.290000000000000431e-03
1.010000000000000047e-03
2.320000000000000014e-03
9.600000000000001327e-04
4.740000000000000289e-03
2.200000000000000078e-04
1.090000000000000040e-03
5.600000000000000594e-04
5.590000000000000351e-03
2.000000000000000096e-04
5.120000000000000419e-03
1.110000000000000092e-03
1.480000000000000196e-03
1.020000000000000073e-03
3.820000000000000479e-03
3.400000000000000244e-04
4.200000000000000174e-04
3.400000000000000244e-04
3.440000000000000349e-03
3.300000000000000524e-04
2.317000000000000309e-02
4.500000000000000419e-04
2.190000000000000106e-03
1.900000000000000105e-04
1.542000000000000141e-02
6.900000000000000751e-04
1.890000000000000187e-03
2.700000000000000035e-04
3.000000000000000279e-04
1.100000000000000039e-04
4.700000000000000401e-04
1.740000000000000227e-03
3.820000000000000479e-03
2.100000000000000087e-04
2.700000000000000143e-03
7.000000000000000742e-05
5.250000000000000326e-03
2.780000000000000353e-03
1.550000000000000162e-03
4.080000000000000293e-03
6.570000000000000319e-03
7.170000000000000158e-03
7.000000000000001013e-04
1.000000000000000048e-04
4.760000000000000342e-03
1.170000000000000033e-03
1.500000000000000031e-03
1.420000000000000038e-03
1.642000000000000057e-02
1.450000000000000117e-03
6.700000000000000226e-04
6.100000000000000821e-04
3.440000000000000349e-03
1.100000000000000039e-04
4.680000000000000132e-03
3.800000000000000209e-04
9.710000000000001616e-03
1.300000000000000157e-04
2.230000000000000211e-03
5.000000000000000240e-05
1.120000000000000119e-03
2.500000000000000052e-03
6.300000000000000261e-04
3.070000000000000246e-03
1.600000000000000077e-03
1.200000000000000166e-04
9.200000000000000278e-04
1.900000000000000105e-04
8.100000000000000646e-04
2.700000000000000035e-04
2.230000000000000211e-03
2.800000000000000297e-04
3.890000000000000228e-03
3.900000000000000471e-04
1.850000000000000082e-03
4.100000000000000454e-04
5.270000000000000379e-03
3.099999999999999999e-04
1.940000000000000101e-03
3.600000000000000227e-04
4.350000000000000568e-03
3.300000000000000524e-04
5.040000000000000209e-03
1.000000000000000082e-05
7.900000000000000121e-04
3.700000000000000489e-04
2.500000000000000052e-04
3.600000000000000227e-04
3.420000000000000297e-03
9.200000000000000278e-04
8.300000000000001170e-04
1.090000000000000040e-03
3.040000000000000167e-03
1.230000000000000190e-03
8.200000000000000908e-04
8.900000000000000576e-04
1.550000000000000162e-03
2.500000000000000052e-04
2.440000000000000328e-03
2.100000000000000087e-04
1.790000000000000141e-03
3.900000000000000471e-04
5.420000000000000338e-03
1.700000000000000122e-04
8.060000000000001191e-03
1.480000000000000196e-03
1.470000000000000169e-03
2.510000000000000078e-03
6.700000000000000226e-04
3.800000000000000209e-04
1.341000000000000178e-02
1.100000000000000039e-04
5.260000000000000786e-03
5.900000000000000296e-04
6.480000000000000517e-03
6.000000000000000830e-05
1.860000000000000108e-03
2.000000000000000096e-04
3.570000000000000256e-03
2.100000000000000087e-04
6.900000000000000751e-04
1.518000000000000078e-02
6.520000000000000621e-03
9.300000000000000541e-04
1.114000000000000060e-02
4.200000000000000174e-04
8.480000000000001426e-03
3.800000000000000209e-04
1.670000000000000043e-03
2.400000000000000332e-04
3.270000000000000337e-03
3.000000000000000279e-04
5.410000000000000746e-03
3.900000000000000471e-04
4.630000000000000435e-03
7.000000000000001013e-04
1.620000000000000129e-03
2.900000000000000017e-04
7.470000000000000945e-03
4.800000000000000664e-04
8.280000000000000901e-03
3.800000000000000209e-04
3.110000000000000351e-03
4.000000000000000192e-04
6.400000000000000524e-04
2.200000000000000078e-04
4.360000000000000160e-03
1.030000000000000100e-03
2.640000000000000419e-03
1.100000000000000039e-04
7.000000000000000742e-05
8.600000000000000873e-04
3.790000000000000400e-03
5.200000000000000629e-04
6.200000000000000649e-03
5.400000000000000069e-04
2.480000000000000000e-03
4.000000000000000192e-04
1.900000000000000105e-04
1.500000000000000140e-04
1.940000000000000101e-03
1.540000000000000136e-03
3.490000000000000480e-03
2.610000000000000341e-03
3.099999999999999999e-04
1.400000000000000148e-04
3.080000000000000272e-03
7.000000000000000742e-05
8.000000000000000654e-05
5.400000000000000069e-04
1.069999999999999988e-03
2.100000000000000087e-04
4.000000000000000192e-04
2.800000000000000297e-04
3.900000000000000471e-04
1.100000000000000039e-04
1.150000000000000197e-03
2.600000000000000314e-04
3.410000000000000270e-03
4.300000000000000436e-04
2.170000000000000054e-03
1.100000000000000039e-04
2.160000000000000028e-03
5.200000000000000629e-04
1.370000000000000124e-03
5.650000000000000508e-03
9.510000000000001091e-03
6.800000000000000488e-04
2.800000000000000297e-04
1.670000000000000043e-03
5.600000000000000594e-04
3.600000000000000227e-04
6.800000000000000488e-03
2.200000000000000078e-04
1.620000000000000129e-03
2.139999999999999975e-03
3.770000000000000347e-03
1.900000000000000105e-04
2.460000000000000381e-03
6.900000000000000751e-04
2.520000000000000104e-03
2.900000000000000017e-04
2.800000000000000405e-03
1.800000000000000113e-04
8.200000000000000908e-04
4.600000000000000139e-04
8.900000000000000576e-04
4.700000000000000401e-04
1.170000000000000033e-02
7.110000000000000868e-03
1.400000000000000203e-03
2.060000000000000199e-03
4.400000000000000157e-04
5.100000000000000366e-04
4.480000000000000475e-03
1.100000000000000039e-04
7.460000000000000485e-03
2.600000000000000314e-04
3.590000000000000309e-03
5.500000000000000331e-04
2.240000000000000237e-03
4.800000000000000664e-04
6.199999999999999999e-04
5.500000000000000331e-04
3.550000000000000204e-03
1.160000000000000007e-03
5.000000000000000104e-04
2.080000000000000251e-03
2.890000000000000208e-03
2.010000000000000068e-03
2.880000000000000181e-03
6.700000000000000226e-04
2.160000000000000028e-03
9.700000000000000505e-04
4.129999999999999991e-03
2.400000000000000332e-04
2.400000000000000223e-03
7.300000000000000716e-04
9.400000000000000803e-04
3.068600000000000216e-01
2.420000000000000276e-03
8.100000000000000646e-04
6.020000000000000177e-03
3.266000000000000153e-02
6.630000000000000476e-03
1.300000000000000157e-03
1.390000000000000176e-03
2.900000000000000017e-04
1.512000000000000149e-02
3.600000000000000227e-04
5.400000000000000069e-04
4.000000000000000327e-05
1.750000000000000036e-03
7.500000000000000156e-04
4.830000000000000092e-03
2.400000000000000332e-04
8.590000000000000413e-03
2.900000000000000017e-04
3.410000000000000270e-03
6.380000000000000254e-03
1.350000000000000071e-03
1.800000000000000113e-04
4.920000000000000762e-03
3.500000000000000507e-04
9.899999999999999946e-04
2.300000000000000070e-04
7.900000000000000121e-04
1.920000000000000265e-03
2.024000000000000105e-02
3.440000000000000349e-03
1.553000000000000214e-02
2.100000000000000087e-04
1.770000000000000089e-03
5.860000000000000625e-03
5.930000000000000375e-03
3.900000000000000471e-04
1.270000000000000078e-03
1.837300000000000044e-01
3.070000000000000246e-03
5.000000000000000240e-05
1.930000000000000075e-03
1.020000000000000073e-03
8.600000000000000873e-04
2.600000000000000314e-04
7.800000000000000943e-04
7.500000000000000156e-04
1.640000000000000182e-03
3.200000000000000262e-04
1.530000000000000110e-03
7.900000000000000121e-04
4.000000000000000192e-04
7.400000000000000978e-04
2.139999999999999975e-03
2.700000000000000035e-04
3.290000000000000389e-03
6.500000000000000786e-04
4.010000000000000543e-03
1.450000000000000117e-03
4.320000000000000055e-03
2.500000000000000052e-04
2.510000000000000078e-03
2.300000000000000070e-04
2.600000000000000314e-03
1.600000000000000131e-04
2.470000000000000407e-03
2.700000000000000035e-04
3.300000000000000416e-03
1.180000000000000059e-03
1.450000000000000117e-03
3.000000000000000279e-04
2.650000000000000012e-03
6.100000000000000821e-04
1.560000000000000189e-03
2.100000000000000087e-04
9.899999999999999946e-04
3.000000000000000279e-04
1.900000000000000105e-04
3.800000000000000209e-04
5.890000000000000270e-03
2.500000000000000052e-04
9.400000000000000803e-04
3.600000000000000227e-04
9.400000000000000803e-04
2.000000000000000096e-04
2.750000000000000274e-03
2.200000000000000078e-04
4.300000000000000436e-04
5.100000000000000366e-04
7.600000000000000418e-04
4.100000000000000454e-04
3.600000000000000335e-03
3.200000000000000262e-04
1.180000000000000059e-03
5.100000000000000366e-04
6.620000000000000884e-03
3.800000000000000209e-04
1.480000000000000066e-02
2.200000000000000078e-04
1.146000000000000144e-02
2.200000000000000078e-04
2.430000000000000302e-03
1.400000000000000148e-04
6.100000000000000821e-04
2.690000000000000117e-03
2.180000000000000080e-03
3.300000000000000524e-04
2.210000000000000159e-03
1.640000000000000182e-03
2.480000000000000000e-03
4.000000000000000192e-04
3.970000000000000438e-03
3.000000000000000279e-04
1.236000000000000119e-02
2.700000000000000035e-04
1.979999999999999989e-03
3.600000000000000227e-04
1.640000000000000182e-03
3.200000000000000262e-04
1.820000000000000220e-03
3.300000000000000524e-04
4.600000000000000139e-04
9.700000000000000505e-04
4.260000000000000765e-03
1.490000000000000222e-03
3.040000000000000167e-03
4.600000000000000139e-04
7.600000000000000418e-04
3.099999999999999999e-04
3.800000000000000209e-04
2.900000000000000017e-04
1.810000000000000194e-03
2.300000000000000070e-04
1.730000000000000201e-03
1.600000000000000131e-04
1.330000000000000019e-03
2.700000000000000035e-04
9.760000000000001313e-03
2.700000000000000035e-04
4.449999999999999963e-03
4.700000000000000401e-04
2.200000000000000078e-04
4.000000000000000192e-04
1.140000000000000171e-03
1.730000000000000201e-03
2.220000000000000185e-03
3.300000000000000524e-04
6.680000000000000174e-03
3.260000000000000311e-03
4.789999999999999987e-03
4.800000000000000664e-04
1.730000000000000201e-03
3.300000000000000524e-04
1.900000000000000105e-04
4.900000000000000926e-04
9.000000000000000838e-04
3.800000000000000209e-04
8.500000000000000611e-04
6.000000000000000559e-04
2.080000000000000251e-03
2.130000000000000383e-03
3.600000000000000227e-04
6.000000000000000559e-04
4.630000000000000435e-03
1.600000000000000131e-04
5.700000000000000856e-04
5.600000000000000594e-04
1.410000000000000012e-03
2.800000000000000297e-04
4.600000000000000139e-04
2.200000000000000078e-04
3.530000000000000152e-03
2.000000000000000096e-04
6.800000000000000488e-04
4.700000000000000401e-04
1.173000000000000084e-02
1.400000000000000148e-04
3.380000000000000192e-03
6.600000000000001048e-04
1.200000000000000112e-03
2.300000000000000070e-04
7.500000000000000156e-04
3.300000000000000524e-04
9.800000000000001852e-04
2.000000000000000096e-04
3.100000000000000325e-03
2.040000000000000147e-03
1.820000000000000220e-03
8.000000000000000383e-04
1.060000000000000178e-03
6.800000000000000488e-04
1.500000000000000031e-03
1.140000000000000171e-03
1.770000000000000089e-03
1.500000000000000140e-04
6.910000000000000343e-03
3.300000000000000524e-04
9.200000000000000278e-04
2.000000000000000096e-04
3.939999999999999926e-03
2.900000000000000017e-04
3.380000000000000192e-03
3.700000000000000164e-03
1.720000000000000175e-03
5.300000000000000891e-04
3.300000000000000416e-03
4.200000000000000174e-04
5.200000000000000629e-04
5.420000000000000338e-03
3.680000000000000111e-03
4.300000000000000436e-04
6.380000000000000254e-03
1.700000000000000122e-04
4.730000000000000697e-03
2.540000000000000157e-03
1.830000000000000246e-03
4.000000000000000192e-04
1.530000000000000110e-03
4.600000000000000139e-04
3.550000000000000204e-03
6.700000000000000226e-04
1.835000000000000173e-02
2.110000000000000330e-03
4.940000000000000814e-03
1.600000000000000131e-04
1.020000000000000073e-03
2.350000000000000092e-03
5.950000000000000427e-03
4.100000000000000454e-04
3.760000000000000321e-03
3.099999999999999999e-04
8.030000000000000679e-03
6.199999999999999999e-04
8.580000000000000820e-03
1.010000000000000047e-03
4.030000000000000596e-03
1.000000000000000048e-04
7.500000000000000156e-04
2.148000000000000256e-02
2.450000000000000355e-03
3.600000000000000227e-04
5.200000000000000629e-04
5.200000000000000629e-04
6.100000000000000821e-04
1.400000000000000148e-04
4.740000000000000289e-03
2.600000000000000314e-04
6.710000000000000686e-03
6.000000000000000830e-05
3.030000000000000141e-03
1.900000000000000105e-04
1.800000000000000168e-03
3.200000000000000262e-04
2.230000000000000211e-03
1.200000000000000166e-04
4.700000000000000401e-04
2.870000000000000155e-03
7.200000000000000453e-04
6.700000000000000226e-04
9.700000000000000505e-04
7.450000000000000892e-03
5.700000000000000856e-04
5.600000000000000594e-04
6.000000000000000559e-04
2.800000000000000297e-04
4.900000000000000926e-04
5.400000000000000069e-04
1.218000000000000159e-02
1.220000000000000164e-03
4.570000000000000277e-03
2.900000000000000017e-04
4.109999999999999938e-03
4.900000000000000926e-04
1.350000000000000071e-03
5.300000000000000891e-04
1.820000000000000220e-03
1.860000000000000108e-03
7.620000000000000905e-03
4.300000000000000436e-04
4.800000000000000664e-04
4.200000000000000174e-04
9.300000000000000541e-04
1.300000000000000157e-03
4.830000000000000092e-03
4.100000000000000454e-04
1.600000000000000131e-04
2.400000000000000332e-04
1.190000000000000085e-03
4.800000000000000664e-04
2.800000000000000297e-04
3.000000000000000279e-04
1.180000000000000059e-03
5.400000000000000069e-04
1.360000000000000098e-03
2.030000000000000120e-03
1.510000000000000057e-02
1.300000000000000157e-04
5.000000000000000104e-04
1.100000000000000066e-03
7.540000000000000695e-03
4.500000000000000419e-04
8.210000000000000284e-03
4.900000000000000926e-04
1.550000000000000162e-03
3.400000000000000244e-04
2.500000000000000052e-04
4.139000000000000318e-02
5.190000000000000169e-03
8.400000000000000348e-04
3.890000000000000228e-03
2.300000000000000070e-04
1.330000000000000019e-03
3.000000000000000279e-04
7.850000000000001074e-03
1.500000000000000140e-04
9.000000000000000838e-04
5.000000000000000104e-04
7.660000000000001009e-03
1.100000000000000039e-04
7.500000000000000156e-04
7.000000000000001013e-04
2.070000000000000225e-03
4.500000000000000419e-04
1.820000000000000220e-03
1.500000000000000140e-04
3.860000000000000150e-03
2.600000000000000314e-04
5.700000000000000856e-04
3.959999999999999978e-03
5.580000000000000758e-03
7.700000000000000681e-04
4.320000000000000055e-03
7.700000000000000681e-04
1.280000000000000105e-03
1.700000000000000122e-04
1.600000000000000131e-04
5.100000000000000366e-04
5.100000000000000366e-04
4.600000000000000139e-04
2.900000000000000017e-04
7.000000000000000742e-05
1.190000000000000085e-03
1.000000000000000082e-05
8.100000000000000646e-04
1.700000000000000122e-04
2.250000000000000264e-03
1.000000000000000082e-05
3.670000000000000085e-03
2.500000000000000052e-04
6.000000000000000830e-05
1.780000000000000115e-03
1.310000000000000183e-03
5.600000000000000594e-04
5.300000000000000891e-04
4.260000000000000765e-03
4.600000000000000139e-04
9.700000000000000505e-04
7.600000000000000418e-04
3.500000000000000507e-04
1.710000000000000148e-03
1.100000000000000039e-04
4.800000000000000447e-03
1.000000000000000082e-05
1.000000000000000082e-05
2.000000000000000164e-05
9.000000000000000838e-04
3.200000000000000262e-04
7.400000000000000978e-04
2.100000000000000087e-04
8.570000000000001228e-03
6.100000000000000821e-04
4.670000000000000540e-03
5.300000000000000891e-04
6.380000000000000254e-03
8.900000000000000576e-04
6.199999999999999999e-04
4.500000000000000419e-04
3.200000000000000153e-03
4.900000000000000926e-04
1.094000000000000007e-02
1.000000000000000048e-04
2.570000000000000236e-03
4.500000000000000419e-04
1.470000000000000169e-03
3.000000000000000279e-04
3.670000000000000085e-03
2.700000000000000035e-04
3.130000000000000403e-03
3.700000000000000489e-04
1.400000000000000203e-03
2.300000000000000070e-04
2.920000000000000286e-03
3.800000000000000209e-04
7.200000000000000453e-04
4.500000000000000419e-04
3.300000000000000524e-04
4.300000000000000436e-04
6.320000000000000097e-03
2.200000000000000078e-04
7.150000000000000973e-03
3.800000000000000426e-03
2.960000000000000391e-03
9.800000000000001852e-04
5.300000000000000891e-04
7.200000000000000453e-04
7.100000000000000191e-04
3.800000000000000209e-04
6.170000000000000137e-03
1.900000000000000105e-04
1.060000000000000178e-03
1.900000000000000105e-04
5.630000000000000455e-03
5.200000000000000629e-04
5.660000000000000100e-03
1.600000000000000131e-04
1.740000000000000227e-03
3.000000000000000279e-04
5.220000000000000681e-03
2.800000000000000297e-04
9.500000000000001065e-04
2.500000000000000052e-04
3.970000000000000438e-03
1.120000000000000119e-03
8.670000000000000623e-03
3.000000000000000279e-04
2.360000000000000119e-03
4.619999999999999975e-03
2.710000000000000169e-03
1.500000000000000140e-04
2.370000000000000145e-03
2.400000000000000332e-04
8.000000000000000383e-04
5.700000000000000856e-04
1.230000000000000190e-03
9.899999999999999946e-04
1.850000000000000082e-03
2.700000000000000035e-04
7.400000000000000978e-04
6.000000000000000559e-04
4.700000000000000401e-04
1.700000000000000122e-04
1.460000000000000143e-03
2.300000000000000070e-04
1.340000000000000045e-02
2.700000000000000035e-04
1.160000000000000007e-03
3.300000000000000524e-04
4.090000000000000753e-03
3.800000000000000209e-04
6.180000000000000597e-03
2.800000000000000297e-04
4.500000000000000527e-03
5.300000000000000024e-03
1.610000000000000103e-03
4.300000000000000436e-04
2.180000000000000080e-03
6.400000000000000524e-04
8.500000000000000611e-04
7.200000000000000453e-04
1.330000000000000019e-03
8.000000000000000383e-04
3.500000000000000507e-04
3.000000000000000279e-04
1.550000000000000162e-03
3.600000000000000227e-04
4.300000000000000436e-04
2.500000000000000052e-04
2.420000000000000276e-03
1.100000000000000066e-03
7.500000000000000156e-04
8.600000000000000873e-04
5.200000000000000629e-04
1.100000000000000039e-04
3.570000000000000256e-03
3.500000000000000507e-04
2.740000000000000248e-03
1.940000000000000101e-03
6.400000000000000524e-04
5.400000000000000069e-04
1.340000000000000045e-03
9.000000000000000567e-05
2.650000000000000012e-03
3.900000000000000471e-04
2.540000000000000157e-03
2.200000000000000078e-04
2.130000000000000383e-03
1.460000000000000143e-03
1.670000000000000043e-03
9.600000000000001327e-04
4.129999999999999991e-03
5.700000000000000856e-04
1.600000000000000131e-04
6.199999999999999999e-04
6.970000000000000501e-03
