1.275000000000000092e-02
1.600000000000000131e-04
9.600000000000001327e-04
1.150000000000000197e-03
1.130000000000000145e-03
2.580000000000000262e-03
1.660000000000000234e-03
1.200000000000000166e-04
5.580000000000000758e-03
5.600000000000000594e-04
4.690000000000000592e-03
5.300000000000000891e-04
2.370000000000000145e-03
9.300000000000000541e-04
2.850000000000000103e-03
7.000000000000001013e-04
1.010000000000000047e-03
4.100000000000000454e-04
2.500000000000000052e-04
3.620000000000000388e-03
1.100000000000000110e-02
5.140000000000000471e-03
6.860000000000000646e-03
5.590000000000000351e-03
5.000000000000000104e-04
3.450000000000000375e-03
1.650000000000000208e-03
2.700000000000000035e-04
4.710000000000000644e-03
7.600000000000000852e-03
2.700000000000000143e-03
2.610000000000000341e-03
7.560000000000000747e-03
7.500000000000000156e-04
3.430000000000000323e-03
3.800000000000000209e-04
3.720000000000000390e-02
1.710000000000000148e-03
1.370000000000000124e-03
2.200000000000000078e-04
3.620000000000000388e-03
2.000000000000000096e-04
6.270000000000000399e-03
1.170000000000000033e-03
4.000000000000000083e-03
3.080000000000000272e-03
4.000000000000000192e-04
1.180000000000000059e-03
6.570000000000000319e-03
1.550000000000000162e-03
3.620000000000000388e-03
1.430000000000000064e-03
9.970000000000001431e-03
1.900000000000000105e-04
1.478000000000000147e-02
4.300000000000000436e-04
1.180000000000000059e-03
1.470000000000000169e-03
2.860000000000000129e-03
5.300000000000000891e-04
2.260000000000000290e-03
1.300000000000000157e-03
1.620000000000000129e-03
3.800000000000000209e-04
1.440000000000000091e-03
2.000000000000000096e-04
3.070000000000000246e-03
7.900000000000000121e-04
3.900000000000000255e-03
5.700000000000000856e-04
3.939999999999999926e-03
9.200000000000000278e-04
5.160000000000000524e-03
2.540000000000000157e-03
8.600000000000000006e-03
2.100000000000000087e-04
2.640000000000000419e-03
4.200000000000000174e-04
1.910000000000000239e-03
2.800000000000000297e-04
2.000000000000000096e-04
1.150000000000000197e-03
8.820000000000001450e-03
2.080000000000000251e-03
3.310000000000000442e-03
3.150000000000000456e-03
3.900000000000000255e-03
2.000000000000000096e-04
3.700000000000000489e-04
1.600000000000000131e-04
3.160000000000000048e-03
3.800000000000000209e-04
5.640000000000000048e-03
1.000000000000000048e-04
1.010000000000000047e-03
2.400000000000000332e-04
3.210000000000000180e-03
1.700000000000000122e-04
2.990000000000000036e-03
7.270000000000000420e-03
1.072000000000000036e-02
5.400000000000000069e-04
6.890000000000000291e-03
1.400000000000000148e-04
2.460000000000000381e-03
1.279000000000000102e-02
1.900000000000000213e-03
1.700000000000000122e-04
3.970000000000000438e-03
4.500000000000000419e-04
2.800000000000000405e-03
1.900000000000000105e-04
4.530000000000000172e-03
6.299000000000000432e-02
5.330000000000000536e-03
1.700000000000000122e-04
3.160000000000000048e-03
3.400000000000000244e-04
1.350000000000000071e-03
3.900000000000000471e-04
1.810000000000000194e-03
2.690000000000000117e-03
2.700000000000000035e-04
1.270000000000000078e-03
1.850000000000000082e-03
5.000000000000000104e-04
5.530000000000000193e-03
3.300000000000000524e-04
1.312000000000000145e-02
1.750000000000000036e-03
4.000000000000000327e-05
1.330000000000000019e-03
1.500000000000000031e-03
2.600000000000000314e-04
4.040000000000000188e-03
3.700000000000000489e-04
2.300000000000000395e-03
2.060000000000000199e-03
3.530000000000000152e-03
2.800000000000000297e-04
4.630000000000000435e-03
2.300000000000000070e-04
4.860000000000000604e-03
4.325000000000000372e-02
3.300000000000000524e-04
1.010000000000000047e-03
7.500000000000000156e-04
5.500000000000000331e-04
1.610000000000000103e-03
1.200000000000000166e-04
8.710000000000000728e-03
5.400000000000000069e-04
4.150000000000000043e-03
3.200000000000000262e-04
4.850000000000000144e-03
3.670000000000000085e-03
1.640000000000000182e-03
3.500000000000000507e-04
3.470000000000000428e-03
5.000000000000000104e-04
2.640000000000000419e-03
6.199999999999999999e-04
5.290000000000000431e-03
2.800000000000000297e-04
1.077000000000000006e-02
1.600000000000000131e-04
6.890000000000000291e-03
3.077000000000000221e-02
9.500000000000001499e-03
3.099999999999999999e-04
1.319000000000000034e-02
6.920000000000000803e-03
1.418000000000000163e-02
1.500000000000000140e-04
6.680000000000000174e-03
3.700000000000000489e-04
4.000000000000000083e-03
4.800000000000000664e-04
7.400000000000000328e-03
3.700000000000000489e-04
4.880000000000000657e-03
4.390000000000000673e-03
3.280000000000000363e-03
2.500000000000000052e-04
1.400000000000000203e-03
4.200000000000000174e-04
5.420000000000000338e-03
4.096000000000000335e-02
5.050000000000000669e-03
3.099999999999999999e-04
4.400000000000000157e-04
2.400000000000000332e-04
2.600000000000000314e-03
1.900000000000000105e-04
3.800000000000000426e-03
4.460000000000000422e-03
1.940000000000000101e-03
6.100000000000000821e-04
3.080000000000000272e-03
5.400000000000000069e-04
3.020000000000000115e-03
7.300000000000000716e-04
6.930000000000000396e-03
3.800000000000000209e-04
3.220000000000000206e-03
3.200000000000000262e-04
9.530000000000000276e-03
1.900000000000000105e-04
1.178000000000000054e-02
3.900000000000000471e-04
5.040000000000000209e-03
2.000000000000000042e-03
1.190000000000000085e-03
8.900000000000000576e-04
4.970000000000000459e-03
4.300000000000000436e-04
5.000000000000000104e-04
1.500000000000000140e-04
1.500000000000000031e-03
1.101000000000000069e-02
5.010000000000000564e-03
1.160000000000000007e-03
5.600000000000000594e-04
2.010000000000000068e-03
1.630000000000000155e-03
2.700000000000000035e-04
7.910000000000000364e-03
6.500000000000000786e-04
1.600000000000000131e-04
3.900000000000000471e-04
2.670000000000000064e-03
1.800000000000000113e-04
4.980000000000000052e-03
3.000000000000000279e-04
2.449000000000000135e-02
4.500000000000000419e-04
6.570000000000000319e-03
1.000000000000000082e-05
1.790000000000000141e-03
4.480000000000000475e-03
5.570000000000000298e-03
5.100000000000000366e-04
3.040000000000000167e-03
2.400000000000000332e-04
2.850000000000000103e-03
5.800000000000000034e-04
1.460000000000000143e-03
6.500000000000000786e-04
2.160000000000000028e-03
3.060000000000000220e-03
2.860000000000000129e-03
1.140000000000000171e-03
1.590000000000000050e-03
1.220000000000000164e-03
6.100000000000000387e-03
6.199999999999999999e-04
1.950000000000000127e-03
2.300000000000000070e-04
3.970000000000000438e-03
4.700000000000000401e-04
1.520000000000000084e-03
1.370000000000000124e-03
1.650000000000000208e-03
1.500000000000000140e-04
1.320000000000000210e-03
2.700000000000000143e-03
2.040000000000000147e-03
1.640000000000000182e-03
1.460000000000000143e-03
2.600000000000000314e-04
4.840000000000000552e-03
2.400000000000000332e-04
1.830000000000000246e-03
1.220000000000000164e-03
3.500000000000000073e-03
8.700000000000001135e-04
2.200000000000000078e-04
6.100000000000000821e-04
2.610000000000000341e-03
1.620000000000000129e-03
1.750000000000000036e-03
2.700000000000000035e-04
1.600000000000000131e-04
1.300000000000000157e-04
9.100000000000001100e-04
3.500000000000000507e-04
3.890000000000000228e-03
9.899999999999999946e-04
1.540000000000000136e-03
3.500000000000000507e-04
1.430000000000000064e-03
2.400000000000000332e-04
3.210000000000000180e-03
7.700000000000000247e-03
6.400000000000000524e-04
7.100000000000000191e-04
3.910000000000000281e-03
1.300000000000000157e-04
4.600000000000000139e-04
1.000000000000000048e-04
8.910000000000001252e-03
7.300000000000000716e-04
1.520000000000000084e-03
1.800000000000000113e-04
8.030000000000000679e-03
2.270000000000000316e-03
3.170000000000000075e-03
4.400000000000000157e-04
1.053000000000000116e-02
1.090000000000000040e-03
3.550000000000000204e-03
8.800000000000000313e-04
8.860000000000001555e-03
1.020000000000000073e-03
8.400000000000000348e-04
1.860000000000000108e-03
5.400000000000000069e-04
1.400000000000000148e-04
5.470000000000000036e-03
1.620000000000000129e-03
6.850000000000000186e-03
6.130000000000000900e-03
3.020000000000000115e-03
1.820000000000000220e-03
2.870000000000000155e-03
3.230000000000000232e-03
1.950000000000000127e-03
7.500000000000000156e-04
3.540000000000000178e-03
4.600000000000000139e-04
2.083000000000000129e-02
3.700000000000000489e-04
2.510000000000000078e-03
3.300000000000000524e-04
9.280000000000000054e-03
4.830000000000000092e-03
8.140000000000001401e-03
9.910000000000000406e-03
8.900000000000000576e-04
1.680000000000000070e-03
8.200000000000000908e-04
7.000000000000000742e-05
1.440000000000000134e-02
1.130700000000000038e-01
4.250000000000000305e-03
2.200000000000000078e-04
3.700000000000000164e-03
1.900000000000000105e-04
5.800000000000000468e-03
3.500000000000000507e-04
2.850000000000000103e-03
3.480000000000000454e-03
5.400000000000000069e-04
5.200000000000000629e-04
1.107000000000000171e-02
5.600000000000000594e-04
1.285000000000000031e-02
2.900000000000000017e-04
4.760000000000000342e-03
2.600000000000000314e-04
1.589000000000000135e-02
1.700000000000000122e-04
7.590000000000000392e-03
4.720000000000000237e-03
1.950000000000000127e-03
8.000000000000000654e-05
6.300000000000000261e-04
3.300000000000000524e-04
6.930000000000000396e-03
3.800000000000000209e-04
2.380000000000000171e-03
1.100000000000000039e-04
2.350000000000000092e-03
1.100000000000000039e-04
1.430000000000000064e-03
4.700000000000000401e-04
6.070000000000000742e-03
1.260000000000000052e-03
9.000000000000000567e-05
1.490000000000000222e-03
2.270000000000000316e-03
1.800000000000000113e-04
2.730000000000000222e-03
7.800000000000000943e-04
1.600000000000000077e-03
8.400000000000000348e-04
4.000000000000000192e-04
5.570000000000000298e-03
6.000000000000000830e-05
3.700000000000000489e-04
3.000000000000000279e-04
2.700000000000000035e-04
2.660000000000000038e-03
2.600000000000000314e-04
1.100000000000000039e-04
4.300000000000000436e-04
2.250000000000000264e-03
1.170000000000000033e-03
3.770000000000000347e-03
5.071000000000000507e-02
1.030000000000000100e-03
2.420000000000000276e-03
2.000000000000000096e-04
2.600000000000000314e-03
1.271000000000000081e-02
4.000000000000000192e-04
6.310000000000000504e-03
3.300000000000000524e-04
3.050000000000000194e-03
9.800000000000001852e-04
4.560000000000000685e-03
4.200000000000000174e-04
2.020000000000000094e-03
1.900000000000000105e-04
8.860000000000001555e-03
2.000000000000000042e-03
1.390000000000000176e-03
3.500000000000000507e-04
3.050000000000000194e-03
1.100000000000000039e-04
1.790000000000000141e-03
1.310000000000000183e-03
9.730000000000000801e-03
4.500000000000000419e-04
4.090000000000000753e-03
1.790000000000000141e-03
3.230000000000000232e-03
3.800000000000000209e-04
6.300000000000000261e-04
3.400000000000000244e-04
9.300000000000000541e-04
1.400000000000000148e-04
1.620000000000000129e-03
9.000000000000000838e-04
1.560000000000000189e-03
3.000000000000000279e-04
8.429999999999999993e-03
7.100000000000000191e-04
2.770000000000000327e-03
1.510000000000000057e-03
2.270000000000000316e-03
3.600000000000000227e-04
2.910000000000000260e-03
4.300000000000000436e-04
3.700000000000000489e-04
5.600000000000000594e-04
9.500000000000001065e-04
2.630000000000000393e-03
1.401000000000000162e-02
2.340000000000000066e-03
3.720000000000000216e-03
2.200000000000000078e-04
2.610000000000000341e-03
1.200000000000000166e-04
1.880000000000000161e-03
3.300000000000000524e-04
4.619999999999999975e-03
4.200000000000000174e-04
1.020000000000000073e-02
3.000000000000000279e-04
1.990000000000000015e-03
2.500000000000000052e-04
3.380000000000000192e-03
1.600000000000000131e-04
7.710000000000000707e-03
1.710000000000000148e-03
4.180000000000000555e-03
1.800000000000000113e-04
2.890000000000000208e-03
2.600000000000000314e-04
4.890000000000000249e-03
2.800000000000000297e-04
5.930000000000000375e-03
1.010000000000000047e-03
2.070000000000000225e-03
1.120000000000000119e-03
9.090000000000000857e-03
1.500000000000000140e-04
2.360000000000000119e-03
1.640000000000000182e-03
2.120000000000000356e-03
7.380000000000000275e-03
2.290000000000000369e-03
4.800000000000000664e-04
1.202000000000000117e-02
7.600000000000000418e-04
1.490000000000000222e-03
1.570000000000000215e-03
1.626999999999999974e-02
6.600000000000001048e-04
2.400000000000000332e-04
2.200000000000000078e-04
2.150000000000000001e-03
7.000000000000000742e-05
3.550000000000000204e-03
5.200000000000000629e-04
2.110000000000000330e-03
2.500000000000000052e-04
3.200000000000000153e-03
3.500000000000000507e-04
