2.285000000000000225e-02
1.730000000000000201e-03
3.500000000000000507e-04
1.020000000000000073e-03
7.000000000000001013e-04
5.100000000000000366e-04
2.090000000000000278e-03
2.300000000000000070e-04
4.400000000000000157e-04
6.900000000000000751e-04
3.000000000000000279e-04
1.979999999999999989e-03
2.100000000000000087e-04
7.590000000000000392e-03
2.470000000000000407e-03
3.800000000000000209e-04
2.289000000000000062e-02
1.280000000000000105e-03
3.700000000000000489e-04
5.610000000000000403e-03
8.900000000000000576e-04
4.350000000000000568e-03
2.991000000000000256e-02
3.430000000000000323e-03
3.040000000000000167e-03
3.730000000000000242e-03
6.500000000000000786e-04
1.440000000000000091e-03
3.700000000000000489e-04
1.200000000000000025e-02
2.968000000000000152e-02
2.160000000000000028e-03
1.120000000000000119e-03
1.400000000000000203e-03
1.400000000000000148e-04
3.720000000000000216e-03
1.200000000000000166e-04
1.087000000000000119e-02
1.400000000000000148e-04
5.500000000000000331e-04
1.900000000000000105e-04
1.854000000000000092e-02
6.000000000000000830e-05
5.100000000000000366e-04
3.000000000000000279e-04
2.190000000000000106e-03
3.540000000000000178e-03
1.193000000000000137e-02
4.125000000000000194e-02
9.200000000000000278e-04
1.481000000000000198e-02
4.200000000000000174e-04
6.714000000000000523e-02
2.740000000000000248e-03
1.760000000000000063e-03
4.410000000000000725e-03
1.130000000000000145e-03
2.940000000000000339e-03
1.969999999999999963e-03
2.930000000000000313e-03
3.900000000000000471e-04
3.490000000000000480e-03
1.200000000000000166e-04
5.200000000000000629e-03
3.500000000000000507e-04
1.640000000000000182e-03
3.000000000000000279e-04
9.610000000000000486e-03
1.510000000000000057e-03
2.560000000000000209e-03
4.000000000000000327e-05
5.200000000000000629e-03
4.200000000000000174e-04
5.700000000000000856e-04
5.600000000000000594e-04
8.000000000000000654e-05
2.360000000000000119e-03
7.919999999999999957e-03
2.520000000000000104e-03
3.370000000000000166e-03
5.010000000000000564e-03
8.630000000000000518e-03
2.500000000000000052e-04
8.000000000000000654e-05
3.300000000000000524e-04
2.094000000000000028e-02
1.940000000000000101e-03
6.010000000000000585e-03
1.870000000000000134e-03
9.100000000000001100e-04
9.800000000000001852e-04
6.570000000000000319e-03
2.700000000000000035e-04
3.070000000000000246e-03
3.800000000000000209e-04
2.470000000000000407e-03
6.300000000000000261e-04
3.640000000000000440e-03
6.100000000000000821e-04
3.240000000000000258e-03
3.400000000000000244e-04
5.460000000000000443e-03
7.600000000000000418e-04
5.260000000000000786e-03
6.000000000000000830e-05
6.210000000000000242e-03
1.600000000000000131e-04
4.000000000000000192e-04
2.139999999999999975e-03
4.880000000000000657e-03
4.000000000000000192e-04
1.160000000000000007e-03
2.100000000000000087e-04
1.170000000000000033e-03
2.700000000000000143e-03
2.400000000000000332e-04
4.600000000000000139e-04
8.160000000000000586e-03
1.500000000000000140e-04
1.024000000000000084e-02
5.800000000000000034e-04
2.100000000000000304e-03
5.600000000000000594e-04
1.425000000000000051e-02
2.370000000000000145e-03
1.780000000000000115e-03
2.494900000000000173e-01
3.000000000000000415e-05
8.910000000000001252e-03
2.200000000000000078e-04
3.000000000000000415e-05
1.000000000000000082e-05
1.000000000000000082e-05
8.600000000000000873e-04
3.300000000000000524e-04
9.680000000000001104e-03
4.000000000000000327e-05
1.253000000000000121e-02
4.800000000000000664e-04
1.960000000000000370e-03
4.100000000000000454e-04
3.590000000000000309e-03
1.300000000000000157e-04
3.900000000000000471e-04
1.600000000000000131e-04
2.550000000000000183e-03
1.320000000000000210e-03
8.680000000000000215e-03
1.062000000000000097e-02
6.490000000000000109e-03
5.800000000000000034e-04
3.870000000000000176e-03
4.100000000000000454e-04
1.260000000000000052e-03
2.000000000000000096e-04
4.510000000000000120e-03
1.800000000000000113e-04
6.020000000000000177e-03
2.800000000000000297e-04
2.600000000000000314e-04
2.710000000000000169e-03
5.500000000000000331e-04
3.600000000000000227e-04
6.450000000000000872e-03
1.700000000000000122e-04
2.860000000000000129e-03
2.400000000000000332e-04
4.380000000000000213e-03
2.600000000000000314e-04
4.750000000000000749e-03
9.400000000000000803e-04
4.700000000000000401e-04
3.700000000000000489e-04
1.790000000000000141e-03
4.300000000000000436e-04
1.820000000000000220e-03
1.700000000000000122e-04
2.550000000000000183e-03
7.500000000000000156e-04
1.303000000000000165e-02
1.170000000000000033e-03
1.413000000000000193e-02
3.099999999999999999e-04
2.660000000000000038e-03
2.600000000000000314e-04
1.370000000000000124e-03
4.900000000000000926e-04
4.600000000000000139e-04
4.200000000000000174e-04
5.880000000000000678e-03
2.139999999999999975e-03
2.780000000000000353e-03
2.600000000000000314e-04
3.680000000000000111e-03
1.400000000000000148e-04
5.180000000000000576e-03
1.570000000000000215e-03
1.641000000000000097e-02
2.000000000000000096e-04
1.730000000000000201e-03
5.000000000000000104e-04
1.376000000000000140e-02
1.600000000000000131e-04
3.930000000000000333e-03
1.500000000000000140e-04
4.340000000000000108e-03
3.800000000000000209e-04
3.410000000000000270e-03
3.500000000000000507e-04
3.590000000000000309e-03
4.200000000000000174e-04
4.180000000000000555e-03
7.100000000000000191e-04
1.165000000000000063e-02
6.000000000000000830e-05
5.900000000000000296e-04
5.532000000000000112e-02
5.850000000000000165e-03
1.400000000000000148e-04
6.680000000000000174e-03
2.900000000000000017e-04
8.600000000000000873e-04
3.700000000000000489e-04
7.800000000000000943e-04
1.600000000000000131e-04
1.064000000000000015e-02
3.000000000000000279e-04
8.300000000000001170e-04
4.300000000000000436e-04
1.283000000000000113e-02
6.000000000000000830e-05
1.410000000000000012e-03
1.630000000000000155e-03
2.000000000000000096e-04
6.300000000000000261e-04
3.470000000000000428e-03
3.900000000000000471e-04
5.740000000000000310e-03
4.900000000000000926e-04
2.640000000000000419e-03
2.000000000000000096e-04
7.480000000000000537e-03
2.000000000000000096e-04
4.570000000000000277e-03
2.000000000000000096e-04
6.760000000000000384e-03
1.300000000000000157e-04
6.500000000000000786e-04
2.800000000000000297e-04
6.560000000000000726e-03
3.000000000000000279e-04
9.780000000000000498e-03
7.600000000000000418e-04
5.700000000000000856e-04
2.420000000000000276e-03
3.370000000000000166e-03
1.200000000000000166e-04
5.400000000000000069e-04
2.700000000000000035e-04
1.050000000000000152e-03
1.700000000000000122e-04
3.600000000000000227e-04
2.000000000000000096e-04
2.048000000000000168e-02
3.099999999999999999e-04
1.411000000000000101e-02
3.099999999999999999e-04
1.110000000000000092e-03
4.100000000000000454e-04
4.000000000000000192e-04
4.900000000000000926e-04
1.100000000000000039e-04
6.000000000000000559e-04
3.890000000000000228e-03
3.200000000000000262e-04
2.680000000000000090e-03
2.400000000000000332e-04
6.390000000000000714e-03
1.880000000000000161e-03
3.480000000000000454e-03
6.400000000000000524e-04
2.680000000000000090e-03
2.550000000000000183e-03
2.410000000000000250e-03
9.000000000000000567e-05
3.500000000000000073e-03
4.700000000000000401e-04
4.300000000000000436e-04
3.300000000000000524e-04
2.940000000000000339e-03
3.070000000000000246e-03
6.780000000000000436e-03
2.800000000000000297e-04
9.300000000000000541e-04
9.800000000000001852e-04
2.450000000000000355e-03
1.274000000000000132e-02
3.550000000000000204e-03
2.270000000000000316e-03
6.250000000000000347e-03
9.188000000000000334e-02
2.000000000000000096e-04
4.660000000000000253e-02
1.100000000000000066e-03
3.300000000000000524e-04
1.520000000000000084e-03
2.300000000000000070e-04
2.160000000000000028e-03
3.690000000000000138e-03
2.870000000000000155e-03
5.000000000000000240e-05
9.940000000000000918e-03
3.800000000000000209e-04
1.910000000000000239e-03
6.300000000000000261e-04
6.400000000000000307e-03
1.069999999999999988e-03
3.550000000000000204e-03
2.800000000000000297e-04
7.600000000000000418e-04
3.900000000000000471e-04
1.700000000000000122e-04
1.900000000000000105e-04
9.000000000000000838e-04
3.200000000000000262e-04
1.320000000000000210e-03
4.000000000000000327e-05
1.240000000000000000e-03
2.900000000000000017e-04
1.990000000000000015e-03
6.900000000000000751e-04
8.340000000000000191e-03
1.100000000000000039e-04
1.341000000000000178e-02
4.000000000000000327e-05
1.571000000000000174e-02
1.750000000000000036e-03
1.124000000000000173e-02
1.790000000000000141e-03
1.389000000000000130e-02
7.900000000000000121e-04
1.480000000000000196e-03
8.100000000000000646e-04
1.770000000000000089e-03
2.200000000000000078e-04
2.700000000000000035e-04
3.900000000000000471e-04
8.600000000000000873e-04
1.200000000000000112e-03
3.700000000000000164e-03
1.500000000000000140e-04
2.060000000000000199e-03
1.420000000000000038e-03
1.950000000000000127e-03
9.000000000000000567e-05
1.000000000000000082e-05
1.000000000000000082e-05
2.410000000000000250e-03
5.700000000000000856e-04
3.180000000000000101e-03
2.000000000000000096e-04
5.120000000000000419e-03
3.099999999999999999e-04
5.080000000000000314e-03
4.930000000000000354e-03
1.620000000000000129e-03
2.850000000000000103e-03
2.060000000000000199e-03
5.000000000000000104e-04
1.047000000000000014e-02
2.300000000000000070e-04
7.900000000000000121e-04
4.700000000000000401e-04
2.300000000000000070e-04
4.100000000000000454e-04
7.900000000000000121e-04
3.040000000000000167e-03
2.170000000000000054e-03
5.200000000000000629e-04
3.160000000000000048e-03
2.700000000000000035e-04
2.400000000000000223e-03
3.412000000000000449e-02
7.350000000000000630e-03
8.000000000000000654e-05
1.270000000000000078e-03
9.100000000000001100e-04
7.500000000000000156e-04
1.700000000000000122e-04
3.080000000000000272e-03
3.400000000000000244e-04
2.760000000000000300e-03
1.700000000000000122e-04
2.940000000000000339e-03
2.900000000000000017e-04
1.020000000000000073e-03
8.160000000000000586e-03
2.560000000000000209e-03
1.700000000000000122e-04
1.523000000000000048e-02
3.400000000000000244e-04
6.290000000000000452e-03
1.400000000000000148e-04
2.340000000000000066e-03
5.600000000000000594e-04
2.300000000000000395e-03
9.899999999999999946e-04
3.650000000000000466e-03
2.020000000000000094e-03
1.460000000000000143e-03
3.300000000000000524e-04
5.700000000000000205e-03
2.000000000000000042e-03
1.040000000000000126e-03
3.099999999999999999e-04
6.800000000000000488e-04
1.300000000000000157e-04
4.740000000000000289e-03
2.800000000000000297e-04
5.670000000000000560e-03
7.400000000000000978e-04
1.920000000000000265e-03
7.000000000000000742e-05
4.470000000000000015e-03
5.600000000000000594e-04
1.710000000000000148e-03
2.100000000000000087e-04
1.020000000000000073e-03
2.200000000000000078e-04
2.600000000000000314e-04
2.500000000000000052e-04
6.130000000000000900e-03
2.360000000000000119e-03
5.550000000000000246e-03
1.250000000000000026e-03
1.170000000000000033e-03
4.200000000000000174e-04
8.210000000000000284e-03
1.040000000000000126e-03
8.200000000000000908e-04
4.700000000000000401e-04
4.930000000000000354e-03
4.000000000000000192e-04
1.450000000000000117e-03
9.400000000000000803e-04
2.930000000000000313e-03
4.800000000000000664e-04
1.600000000000000077e-03
2.700000000000000035e-04
6.570000000000000319e-03
2.400000000000000332e-04
7.100000000000000191e-04
9.500000000000001065e-04
4.880000000000000657e-03
4.520000000000000580e-03
1.263000000000000060e-02
4.600000000000000139e-04
1.581000000000000114e-02
2.450000000000000355e-03
3.600000000000000227e-04
2.300000000000000070e-04
1.036000000000000115e-02
2.800000000000000297e-04
2.690000000000000117e-03
3.700000000000000489e-04
3.630000000000000414e-03
2.700000000000000143e-03
6.300000000000000912e-03
8.500000000000000611e-04
1.599000000000000074e-02
1.900000000000000105e-04
1.373000000000000088e-02
1.370000000000000124e-03
6.260000000000000807e-03
8.000000000000000654e-05
9.460000000000001394e-03
2.200000000000000078e-04
5.900000000000000296e-04
1.200000000000000166e-04
5.440000000000000391e-03
3.830000000000000505e-03
2.050000000000000173e-03
2.300000000000000070e-04
3.430000000000000323e-03
6.400000000000000524e-04
1.620000000000000129e-03
3.900000000000000471e-04
3.570000000000000256e-03
7.700000000000000681e-04
3.880000000000000202e-03
2.400000000000000332e-04
5.700000000000000205e-03
4.900000000000000926e-04
8.100000000000000646e-04
2.300000000000000070e-04
4.630000000000000435e-03
3.200000000000000262e-04
3.550000000000000204e-03
3.120000000000000377e-03
4.730000000000000697e-03
3.300000000000000524e-04
8.800000000000000530e-03
4.400000000000000157e-04
2.730000000000000222e-03
3.800000000000000209e-04
1.560000000000000189e-03
7.900000000000000121e-04
1.470000000000000169e-03
9.000000000000000838e-04
7.670000000000000602e-03
4.270000000000000358e-03
4.900000000000000709e-03
1.210000000000000138e-03
4.700000000000000401e-04
3.550000000000000204e-03
1.020000000000000073e-03
1.330000000000000019e-03
9.800000000000001852e-04
1.800000000000000168e-03
2.600000000000000314e-04
4.560000000000000685e-03
1.110000000000000092e-03
6.500000000000000786e-04
2.120000000000000356e-03
2.200000000000000078e-04
2.060000000000000199e-03
2.548000000000000265e-02
6.630000000000000476e-03
6.320000000000000097e-03
7.000000000000001013e-04
1.800000000000000113e-04
6.300000000000000261e-04
2.300000000000000070e-04
4.570000000000000277e-03
1.700000000000000122e-04
3.190000000000000127e-03
5.200000000000000629e-04
1.190000000000000085e-03
3.600000000000000227e-04
2.560000000000000209e-03
4.400000000000000157e-04
2.800000000000000297e-04
2.700000000000000035e-04
4.380000000000000213e-03
1.600000000000000131e-04
8.170000000000000179e-03
9.700000000000000505e-04
1.090000000000000040e-03
3.000000000000000415e-05
6.700000000000000226e-04
3.000000000000000279e-04
3.720000000000000216e-03
2.600000000000000314e-04
3.010000000000000089e-03
8.400000000000000348e-04
5.130000000000000011e-03
2.500000000000000052e-04
4.320000000000000055e-03
9.976000000000000145e-02
5.900000000000000296e-04
3.010000000000000089e-03
8.100000000000001296e-03
1.554200000000000026e-01
3.420000000000000297e-03
2.700000000000000035e-04
1.860000000000000108e-03
8.000000000000000654e-05
3.220000000000000206e-03
3.500000000000000507e-04
4.500000000000000419e-04
6.860000000000000646e-03
6.160000000000000545e-03
9.840000000000001523e-03
9.600000000000000894e-03
2.000000000000000096e-04
1.150000000000000197e-03
3.400000000000000244e-04
4.870000000000000197e-03
5.700000000000000856e-04
4.650000000000000487e-03
2.600000000000000314e-04
