1.300000000000000157e-04
4.000000000000000192e-04
7.560000000000000747e-03
1.410000000000000012e-03
4.060000000000000241e-03
3.102000000000000243e-02
7.780000000000000457e-03
8.800000000000000313e-04
2.940000000000000339e-03
3.099999999999999999e-04
3.360000000000000139e-03
3.400000000000000244e-04
1.081000000000000016e-02
1.130000000000000145e-03
3.100000000000000325e-03
5.700000000000000856e-04
3.820000000000000479e-03
1.640000000000000182e-03
1.694999999999999979e-02
1.300000000000000157e-04
4.080000000000000293e-03
2.600000000000000314e-04
2.627000000000000168e-02
3.700000000000000489e-04
1.030000000000000100e-03
6.000000000000000830e-05
1.770000000000000046e-02
2.100000000000000087e-04
4.060000000000000414e-02
4.100000000000000454e-04
6.280000000000000859e-03
1.960000000000000370e-03
5.480000000000000496e-03
1.222600000000000076e-01
1.400000000000000148e-04
5.900000000000000296e-04
5.780000000000000415e-03
8.100000000000000646e-04
6.770000000000000843e-03
1.900000000000000105e-04
1.106000000000000039e-02
1.500000000000000140e-04
8.040000000000000271e-03
1.183000000000000024e-02
1.536000000000000212e-02
8.400000000000000348e-04
7.280000000000000880e-03
6.900000000000000751e-04
4.100000000000000454e-04
2.200000000000000078e-04
8.760000000000000425e-03
9.800000000000001852e-04
2.353000000000000230e-02
3.600000000000000227e-04
9.270000000000000462e-03
7.700000000000000681e-04
4.100000000000000454e-04
1.500000000000000031e-03
3.290000000000000389e-03
9.700000000000000505e-04
3.490000000000000480e-03
3.800000000000000209e-04
5.200000000000000629e-03
2.900000000000000017e-04
6.380000000000000254e-03
4.100000000000000454e-04
3.432999999999999940e-02
1.890000000000000187e-03
3.260000000000000311e-03
2.000000000000000164e-05
1.363000000000000149e-02
2.300000000000000070e-04
2.900000000000000017e-04
4.000000000000000192e-04
8.070000000000000784e-03
9.899999999999999946e-04
2.370000000000000145e-03
2.800000000000000297e-04
1.047000000000000014e-02
1.930000000000000075e-03
4.900000000000000926e-04
5.100000000000000366e-04
3.070000000000000246e-03
1.700000000000000122e-04
1.271000000000000081e-02
7.600000000000000418e-04
1.208000000000000046e-02
1.300000000000000157e-04
7.000000000000000742e-05
9.000000000000000567e-05
4.510000000000000120e-03
5.600000000000000594e-04
2.070000000000000312e-02
3.600000000000000227e-04
9.590000000000001301e-03
5.400000000000000069e-04
8.020000000000001086e-03
1.404000000000000040e-02
1.007000000000000083e-02
2.300000000000000070e-04
2.000000000000000096e-04
1.030000000000000100e-03
1.709000000000000102e-02
6.199999999999999999e-04
1.351000000000000117e-02
5.400000000000000069e-04
1.690000000000000096e-03
1.720000000000000175e-03
1.369000000000000078e-02
3.959999999999999978e-03
3.380000000000000192e-03
6.400000000000000524e-04
4.920000000000000762e-03
2.898000000000000229e-02
3.030000000000000141e-03
3.200000000000000262e-04
1.890000000000000187e-03
2.100000000000000087e-04
4.449999999999999963e-03
3.500000000000000507e-04
7.560000000000000747e-03
5.600000000000000594e-04
1.120000000000000119e-03
1.020000000000000073e-03
1.850000000000000082e-03
1.210000000000000138e-03
1.004000000000000031e-02
6.600000000000001048e-04
1.290000000000000131e-03
3.400000000000000244e-04
8.300000000000001170e-04
5.100000000000000366e-04
6.530000000000000214e-03
7.200000000000000453e-04
1.979999999999999989e-03
2.700000000000000035e-04
4.060000000000000241e-03
4.700000000000000401e-04
1.971000000000000182e-02
7.500000000000000156e-04
3.000000000000000062e-03
1.030000000000000100e-03
1.875000000000000278e-02
6.300000000000000261e-04
9.370000000000001592e-03
1.800000000000000113e-04
1.538000000000000131e-02
1.760000000000000063e-03
1.409000000000000183e-02
7.700000000000000681e-04
1.610000000000000103e-03
9.700000000000000505e-04
4.740000000000000289e-03
8.000000000000000654e-05
4.550000000000000225e-03
2.200000000000000078e-04
1.343000000000000096e-02
4.702000000000000624e-02
1.441000000000000093e-02
4.700000000000000401e-04
1.444000000000000145e-02
6.000000000000000559e-04
1.023000000000000125e-02
6.420000000000000359e-03
3.920000000000000741e-03
2.200000000000000078e-04
4.190000000000000148e-03
4.100000000000000454e-04
2.820000000000000024e-03
2.800000000000000297e-04
4.970000000000000459e-03
4.600000000000000139e-04
1.042000000000000044e-02
2.400000000000000332e-04
1.157000000000000042e-02
1.160000000000000007e-03
6.240000000000000754e-03
2.200000000000000078e-04
1.210000000000000138e-03
6.600000000000001048e-04
3.187000000000000249e-02
3.000000000000000415e-05
2.276000000000000245e-02
3.900000000000000471e-04
2.030000000000000120e-03
2.700000000000000035e-04
7.360000000000000223e-03
6.199999999999999999e-04
4.350000000000000568e-03
4.700000000000000401e-04
1.396000000000000192e-02
1.200000000000000166e-04
7.230000000000000315e-03
3.097000000000000100e-02
2.870000000000000155e-03
8.200000000000000908e-04
1.870000000000000134e-03
1.470000000000000169e-03
3.740000000000000269e-03
3.550000000000000204e-03
2.491000000000000159e-02
1.580000000000000024e-03
1.090000000000000170e-02
3.500000000000000507e-04
4.940000000000000814e-03
1.300000000000000157e-04
5.640000000000000048e-03
6.400000000000000524e-04
7.900000000000000772e-03
7.900000000000000121e-04
2.289000000000000062e-02
1.190000000000000085e-03
7.830000000000000154e-03
6.700000000000000226e-04
2.861000000000000348e-02
1.300000000000000157e-04
3.680000000000000111e-03
3.580000000000000283e-03
1.041000000000000085e-02
1.200000000000000166e-04
1.500000000000000140e-04
1.260000000000000052e-03
1.259000000000000050e-02
5.300000000000000891e-04
5.260000000000000786e-03
4.340000000000000108e-03
6.870000000000000238e-03
2.810000000000000431e-03
4.040000000000000188e-03
1.770000000000000089e-03
9.460000000000001394e-03
3.600000000000000227e-04
3.350000000000000113e-03
3.000000000000000279e-04
9.800000000000001852e-04
3.400000000000000244e-04
1.847000000000000031e-02
2.330000000000000040e-03
2.700000000000000143e-03
3.400000000000000244e-04
4.300000000000000436e-04
3.000000000000000279e-04
1.210000000000000138e-03
8.000000000000000383e-04
1.583999999999999991e-02
1.284000000000000072e-02
1.350000000000000071e-03
3.700000000000000489e-04
4.330000000000000515e-03
1.200000000000000166e-04
2.380000000000000171e-03
2.600000000000000314e-04
4.700000000000000401e-04
2.020000000000000094e-03
5.430000000000000798e-03
1.200000000000000166e-04
6.050000000000000690e-03
4.900000000000000926e-04
5.760000000000000363e-03
1.200000000000000166e-04
1.724000000000000185e-02
5.000000000000000104e-04
9.000000000000000838e-04
7.000000000000000742e-05
7.730000000000000759e-03
9.600000000000001327e-04
1.184000000000000156e-02
3.740000000000000269e-03
8.750000000000000833e-03
5.000000000000000104e-04
7.370000000000000683e-03
1.900000000000000105e-04
2.410000000000000250e-03
2.110000000000000330e-03
1.110000000000000092e-03
7.300000000000000716e-04
2.220000000000000185e-03
5.000000000000000104e-04
3.900000000000000471e-04
3.400000000000000244e-04
3.270000000000000337e-03
9.000000000000000567e-05
7.400000000000000978e-04
1.510000000000000057e-03
6.530000000000000214e-03
4.800000000000000664e-04
7.200000000000000670e-03
1.920000000000000265e-03
7.830000000000000154e-03
5.700000000000000856e-04
3.638000000000000261e-02
3.099999999999999999e-04
7.030000000000000658e-03
3.900000000000000471e-04
1.617000000000000035e-02
1.020000000000000073e-03
1.201000000000000158e-02
7.700000000000000681e-04
4.000000000000000083e-03
2.519000000000000059e-02
9.610000000000000486e-03
5.000000000000000104e-03
1.640000000000000182e-03
2.000000000000000096e-04
2.028000000000000289e-02
1.330000000000000019e-03
2.990000000000000296e-02
4.600000000000000139e-04
1.060000000000000178e-03
5.200000000000000629e-04
1.066000000000000107e-02
5.150000000000000064e-03
4.400000000000000265e-03
1.510000000000000057e-03
3.099999999999999999e-04
4.300000000000000436e-04
2.000000000000000096e-04
7.900000000000000121e-04
1.978000000000000244e-02
1.390000000000000176e-03
1.383000000000000028e-02
2.700000000000000035e-04
3.690000000000000138e-03
2.900000000000000017e-04
4.800000000000000664e-04
1.300000000000000157e-04
3.740000000000000269e-03
4.600000000000000139e-04
7.180000000000000618e-03
1.060000000000000178e-03
2.350000000000000092e-03
2.400000000000000332e-04
1.373000000000000088e-02
8.800000000000000313e-04
6.710000000000000686e-03
3.000000000000000279e-04
8.580000000000000820e-03
1.600000000000000131e-04
2.790000000000000379e-03
4.700000000000000401e-04
1.484000000000000076e-02
2.060000000000000199e-03
8.830000000000001042e-03
9.200000000000000278e-04
9.700000000000000289e-03
2.100000000000000087e-04
5.260000000000000786e-03
3.500000000000000507e-04
6.040000000000000230e-03
4.300000000000000436e-04
1.440000000000000091e-03
6.100000000000000821e-04
1.101000000000000069e-02
1.200000000000000166e-04
8.160000000000000586e-03
3.300000000000000524e-04
3.300000000000000416e-03
6.800000000000000488e-04
1.670000000000000043e-03
3.200000000000000262e-04
2.020000000000000094e-03
1.040000000000000126e-03
3.950000000000000386e-03
3.600000000000000227e-04
6.050000000000000690e-03
4.600000000000000139e-04
1.290000000000000131e-03
5.900000000000000296e-04
1.190000000000000085e-03
4.959999999999999999e-03
1.106000000000000039e-02
6.270000000000000399e-03
4.060000000000000241e-03
5.340000000000000129e-03
1.860000000000000108e-03
1.340000000000000045e-03
1.834000000000000213e-02
1.900000000000000105e-04
6.630000000000000476e-03
3.800000000000000209e-04
9.300000000000000541e-04
3.700000000000000489e-04
1.191000000000000045e-02
1.900000000000000105e-04
9.850000000000001116e-03
1.230000000000000190e-03
2.000000000000000042e-03
1.020000000000000073e-03
1.014000000000000144e-02
2.330000000000000040e-03
9.880000000000001628e-03
1.200000000000000166e-04
1.127000000000000050e-02
1.000000000000000048e-04
1.338000000000000127e-02
4.500000000000000419e-04
1.018000000000000155e-02
3.600000000000000227e-04
4.400000000000000157e-04
1.015700000000000075e-01
2.110000000000000330e-03
3.700000000000000489e-04
1.100000000000000066e-03
1.910000000000000239e-03
3.190000000000000127e-03
9.330000000000001487e-03
2.590000000000000288e-03
3.099999999999999999e-04
3.840000000000000531e-03
2.100000000000000087e-04
2.680000000000000090e-03
2.400000000000000332e-04
3.640000000000000440e-03
1.220000000000000164e-03
1.197000000000000147e-02
4.100000000000000454e-04
3.730000000000000242e-03
4.500000000000000419e-04
1.810000000000000194e-03
1.300000000000000157e-04
1.230000000000000017e-02
3.700000000000000489e-04
4.890000000000000249e-03
8.800000000000000313e-04
2.850000000000000103e-03
1.230000000000000190e-03
6.690000000000000634e-03
5.700000000000000856e-04
6.470000000000000924e-03
3.000000000000000279e-04
3.269000000000000378e-02
2.700000000000000035e-04
1.308000000000000135e-02
4.700000000000000401e-04
4.570000000000000451e-02
4.100000000000000454e-04
2.480000000000000000e-03
4.000000000000000192e-04
1.260000000000000052e-03
1.390000000000000176e-03
7.400000000000000978e-04
9.700000000000000505e-04
8.120000000000000481e-03
2.400000000000000332e-04
8.660000000000001030e-03
2.100000000000000304e-03
7.740000000000000352e-03
4.800000000000000664e-04
1.198000000000000106e-02
1.530000000000000110e-03
1.354000000000000169e-02
1.200000000000000166e-04
5.270000000000000379e-03
9.300000000000000541e-04
4.930000000000000354e-03
2.300000000000000070e-04
7.160000000000000565e-03
4.400000000000000157e-04
4.180000000000000555e-03
3.900000000000000471e-04
6.450000000000000872e-03
3.560000000000000230e-03
1.035000000000000156e-02
3.000000000000000279e-04
1.216000000000000067e-02
2.800000000000000297e-04
1.111000000000000008e-02
3.000000000000000279e-04
6.700000000000000226e-04
3.400000000000000244e-04
3.700000000000000489e-04
1.800000000000000113e-04
1.910000000000000239e-03
3.800000000000000209e-04
4.800000000000000664e-04
