6.800000000000000488e-04
3.380000000000000192e-03
2.790000000000000379e-03
1.400000000000000203e-03
4.246000000000000468e-02
4.650000000000000487e-03
2.600000000000000314e-04
7.730000000000000759e-03
2.400000000000000332e-04
1.950000000000000127e-03
6.100000000000000821e-04
4.430000000000000777e-03
4.540000000000000632e-03
2.400000000000000332e-04
5.100000000000000366e-04
6.199999999999999999e-04
2.900000000000000017e-04
6.890000000000000291e-03
9.400000000000000803e-04
1.440000000000000091e-03
3.900000000000000471e-04
8.410000000000000808e-03
9.000000000000000838e-04
1.730000000000000201e-03
4.800000000000000664e-04
9.600000000000001327e-04
3.500000000000000507e-04
1.238000000000000038e-02
9.200000000000000278e-04
2.630000000000000393e-03
1.490000000000000222e-03
2.990000000000000036e-03
2.900000000000000017e-04
3.939999999999999926e-03
2.700000000000000035e-04
6.000000000000000559e-04
2.600000000000000314e-04
9.210000000000001172e-03
1.500000000000000140e-04
6.320000000000000097e-03
1.110000000000000092e-03
1.400000000000000203e-03
3.500000000000000507e-04
4.080000000000000293e-03
2.660000000000000038e-03
8.760000000000000425e-03
3.700000000000000164e-03
1.440000000000000091e-03
1.950000000000000127e-03
2.720000000000000195e-03
2.580000000000000262e-03
9.100000000000001100e-04
1.700000000000000122e-04
1.019000000000000114e-02
1.250000000000000026e-03
3.000000000000000279e-04
5.400000000000000069e-04
1.101000000000000069e-02
8.190000000000001099e-03
1.979999999999999989e-03
1.100000000000000039e-04
2.450000000000000355e-03
3.000000000000000415e-05
1.030000000000000100e-03
3.000000000000000279e-04
5.970000000000000480e-03
2.400000000000000332e-04
3.270000000000000337e-03
6.000000000000000559e-04
7.150000000000000973e-03
7.600000000000000418e-04
8.720000000000000320e-03
7.900000000000000121e-04
5.700000000000000856e-04
1.900000000000000105e-04
2.350000000000000092e-03
5.000000000000000104e-04
1.500000000000000031e-03
5.160000000000000524e-03
6.300000000000000261e-04
2.100000000000000087e-04
2.840000000000000076e-03
1.680000000000000070e-03
1.694999999999999979e-02
5.300000000000000891e-04
1.500000000000000140e-04
1.130000000000000145e-03
4.090000000000000753e-03
5.750000000000000770e-03
2.150000000000000001e-03
1.030000000000000100e-03
2.100000000000000304e-03
1.400000000000000148e-04
9.530000000000000276e-03
2.080000000000000251e-03
1.187000000000000034e-02
1.540000000000000136e-03
1.530000000000000110e-03
3.500000000000000507e-04
5.700000000000000856e-04
4.900000000000000926e-04
2.430000000000000302e-03
2.000000000000000096e-04
4.000000000000000192e-04
4.800000000000000664e-04
1.080000000000000014e-03
6.199999999999999999e-04
1.890000000000000187e-03
2.500000000000000052e-04
1.150000000000000197e-03
4.000000000000000192e-04
7.700000000000000247e-03
4.500000000000000419e-04
2.840000000000000076e-03
1.720000000000000175e-03
1.680000000000000070e-03
7.000000000000000742e-05
1.360000000000000098e-03
1.500000000000000140e-04
2.020000000000000094e-03
7.200000000000000453e-04
2.490000000000000026e-03
4.200000000000000174e-04
1.400000000000000203e-03
1.000000000000000048e-04
6.300000000000000261e-04
4.300000000000000436e-04
2.139999999999999975e-03
3.370000000000000166e-03
1.890000000000000187e-03
2.700000000000000035e-04
1.388000000000000171e-02
5.700000000000000856e-04
4.050000000000000648e-03
1.700000000000000122e-04
1.000000000000000021e-03
9.000000000000000567e-05
1.285000000000000031e-02
3.000000000000000415e-05
4.480000000000000475e-03
2.500000000000000052e-04
9.500000000000001065e-04
3.070000000000000246e-03
3.010000000000000089e-03
1.000000000000000048e-04
5.700000000000000205e-03
3.800000000000000209e-04
5.660000000000000100e-03
1.151000000000000113e-02
9.450000000000000067e-03
3.099999999999999999e-04
7.350000000000000630e-03
3.000000000000000279e-04
2.200000000000000078e-04
3.800000000000000209e-04
6.970000000000000501e-03
7.300000000000000716e-04
5.300000000000000891e-04
9.700000000000000505e-04
3.099999999999999999e-04
4.800000000000000664e-04
5.550000000000000246e-03
2.200000000000000078e-04
1.318000000000000074e-02
2.020000000000000094e-03
4.690000000000000592e-03
3.500000000000000507e-04
4.800000000000000664e-04
1.100000000000000039e-04
5.350000000000000588e-03
4.100000000000000454e-04
5.870000000000000218e-03
3.680000000000000111e-03
2.980000000000000444e-03
2.100000000000000087e-04
1.162000000000000012e-02
5.900000000000000296e-04
5.040000000000000209e-03
2.600000000000000314e-04
3.350000000000000113e-03
2.690000000000000117e-03
7.330000000000000578e-03
1.400000000000000148e-04
6.700000000000000226e-04
3.800000000000000209e-04
1.530000000000000110e-03
3.200000000000000262e-04
4.050000000000000648e-03
1.800000000000000113e-04
4.300000000000000436e-04
1.690700000000000258e-01
2.500000000000000052e-04
1.069999999999999988e-03
1.920000000000000265e-03
6.900000000000000751e-04
4.640000000000000027e-03
2.800000000000000297e-04
2.230000000000000211e-03
1.540000000000000136e-03
1.100000000000000066e-03
8.940000000000000030e-03
3.200000000000000262e-04
2.200000000000000133e-03
7.560000000000000747e-03
5.000000000000000104e-04
4.120000000000000398e-03
1.400000000000000148e-04
6.270000000000000399e-03
4.200000000000000174e-04
3.600000000000000227e-04
7.000000000000000742e-05
1.150000000000000197e-03
5.400000000000000069e-04
8.089999999999999969e-03
6.100000000000000821e-04
3.400000000000000244e-04
4.200000000000000174e-04
4.600000000000000139e-04
4.300000000000000436e-04
3.680000000000000111e-03
3.050000000000000194e-03
7.660000000000001009e-03
5.500000000000000331e-04
9.250000000000001277e-03
8.300000000000001170e-04
8.240000000000000796e-03
3.900000000000000471e-04
3.720000000000000216e-03
3.600000000000000227e-04
7.800000000000000509e-03
3.500000000000000073e-03
8.830000000000001042e-03
4.000000000000000327e-05
6.400000000000000524e-04
2.800000000000000297e-04
5.560000000000000706e-03
2.890000000000000208e-03
1.930000000000000075e-03
1.840000000000000056e-03
2.040000000000000147e-03
2.430000000000000302e-03
5.250000000000000326e-03
4.600000000000000139e-04
6.870000000000000238e-03
6.000000000000000559e-04
4.840000000000000552e-03
6.300000000000000261e-04
5.820000000000000520e-03
2.500000000000000052e-04
7.300000000000000716e-04
5.000000000000000104e-04
2.100000000000000304e-03
2.300000000000000070e-04
8.600000000000000006e-03
1.000000000000000082e-05
1.000000000000000082e-05
3.099999999999999999e-04
9.020000000000000240e-03
4.200000000000000174e-04
4.460000000000000422e-03
3.400000000000000244e-04
8.010000000000001494e-03
3.800000000000000209e-04
1.460000000000000143e-03
5.400000000000000069e-04
8.920000000000000845e-03
4.600000000000000139e-04
7.690000000000000654e-03
5.600000000000000594e-04
1.130000000000000102e-02
4.400000000000000157e-04
8.610000000000001333e-03
4.500000000000000419e-04
2.350000000000000092e-03
3.099999999999999999e-04
6.130000000000000900e-03
2.060000000000000199e-03
1.205000000000000168e-02
7.600000000000000418e-04
2.880000000000000181e-03
3.460000000000000402e-03
6.560000000000000726e-03
6.590000000000000371e-03
8.890000000000000333e-03
2.580000000000000262e-03
4.200000000000000174e-04
8.600000000000000873e-04
7.350000000000000630e-03
1.200000000000000166e-04
1.019000000000000114e-02
2.600000000000000314e-04
7.170000000000000158e-03
3.600000000000000227e-04
2.570000000000000236e-03
2.300000000000000070e-04
1.360000000000000098e-02
2.960000000000000391e-03
3.160000000000000048e-03
4.700000000000000401e-04
1.363000000000000149e-02
2.000000000000000096e-04
3.270000000000000337e-03
5.900000000000000296e-04
6.600000000000000831e-03
7.000000000000000742e-05
1.296000000000000103e-02
9.400000000000000803e-04
9.400000000000000803e-04
4.200000000000000174e-04
6.050000000000000690e-03
2.800000000000000297e-04
1.200000000000000166e-04
1.900000000000000105e-04
4.800000000000000664e-04
1.480000000000000196e-03
4.610000000000000382e-03
4.000000000000000192e-04
4.300000000000000003e-03
6.900000000000000751e-04
3.480000000000000454e-03
1.450000000000000117e-03
7.260000000000000828e-03
3.300000000000000524e-04
3.600000000000000335e-03
5.610000000000000403e-03
4.490000000000000067e-03
2.870000000000000155e-03
1.270000000000000078e-03
6.700000000000000226e-04
1.490000000000000222e-03
1.500000000000000140e-04
1.580000000000000024e-03
1.500000000000000031e-03
9.800000000000001852e-04
6.500000000000000786e-04
1.240000000000000000e-03
1.900000000000000105e-04
4.170000000000000095e-03
4.030000000000000596e-03
2.230000000000000211e-03
2.000000000000000096e-04
1.082000000000000149e-02
1.470000000000000169e-03
4.380000000000000213e-03
2.200000000000000078e-04
3.180000000000000101e-03
4.500000000000000419e-04
1.930000000000000075e-03
2.080000000000000251e-03
3.540000000000000178e-03
3.600000000000000227e-04
1.870000000000000134e-03
4.400000000000000157e-04
3.800000000000000426e-03
3.600000000000000227e-04
1.195000000000000055e-02
3.000000000000000279e-04
6.120000000000000440e-03
4.400000000000000157e-04
9.970000000000001431e-03
1.200000000000000112e-03
4.610000000000000382e-03
2.100000000000000087e-04
5.890000000000000270e-03
6.100000000000000821e-04
6.199999999999999999e-04
2.000000000000000096e-04
6.790000000000000896e-03
1.710000000000000148e-03
5.120000000000000419e-03
2.640000000000000419e-03
2.490000000000000026e-03
4.700000000000000401e-04
4.200000000000000608e-03
1.290000000000000131e-03
3.460000000000000402e-03
3.700000000000000489e-04
1.837000000000000091e-02
2.600000000000000314e-04
1.969999999999999963e-03
3.000000000000000279e-04
3.510000000000000099e-03
6.310000000000000504e-03
2.180000000000000080e-03
1.100000000000000039e-04
2.180000000000000080e-03
5.500000000000000331e-04
6.930000000000000396e-03
1.280000000000000105e-03
3.800000000000000209e-04
3.700000000000000489e-04
1.840000000000000056e-03
4.700000000000000401e-04
3.610000000000000361e-03
2.300000000000000070e-04
2.000000000000000096e-04
4.000000000000000192e-04
8.550000000000000308e-03
9.899999999999999946e-04
2.510000000000000078e-03
6.550000000000000266e-03
1.401000000000000162e-02
3.300000000000000524e-04
1.510000000000000057e-03
2.200000000000000078e-04
4.230000000000000253e-03
2.300000000000000070e-04
2.030000000000000120e-03
8.200000000000000908e-04
8.600000000000000006e-03
2.700000000000000035e-04
4.530000000000000172e-03
4.240000000000000713e-03
2.600000000000000314e-03
4.230000000000000426e-02
2.800000000000000405e-03
2.490000000000000026e-03
7.600000000000000418e-04
3.000000000000000279e-04
2.650000000000000012e-03
3.000000000000000279e-04
2.790000000000000379e-03
4.000000000000000192e-04
1.020000000000000073e-03
6.880000000000000698e-03
2.150000000000000001e-03
7.000000000000000742e-05
4.910000000000000302e-03
2.800000000000000297e-04
1.870000000000000134e-03
9.000000000000000567e-05
1.150000000000000197e-03
2.100000000000000087e-04
1.320000000000000210e-03
4.186000000000000137e-02
3.010000000000000089e-03
6.100000000000000821e-04
3.900000000000000471e-04
5.060000000000000261e-03
5.180000000000000576e-03
4.180000000000000555e-03
1.440000000000000091e-03
1.310000000000000183e-03
3.080000000000000272e-03
1.670000000000000043e-03
1.012000000000000052e-02
5.035000000000000586e-02
2.112000000000000335e-02
6.500000000000000786e-04
4.950000000000000407e-03
5.100000000000000366e-04
3.630000000000000414e-03
4.900000000000000926e-04
2.014000000000000165e-02
3.300000000000000524e-04
7.710000000000000707e-03
1.900000000000000105e-04
1.210000000000000138e-03
3.800000000000000209e-04
2.980000000000000444e-03
3.800000000000000209e-04
3.110000000000000351e-03
1.020000000000000073e-03
7.900000000000000121e-04
2.800000000000000297e-04
9.150000000000000147e-03
1.000000000000000082e-05
6.580000000000000779e-03
7.800000000000000943e-04
1.420000000000000038e-03
1.400000000000000148e-04
4.660000000000000080e-03
2.400000000000000332e-04
6.300000000000000261e-04
5.800000000000000034e-04
7.040000000000000251e-03
1.720000000000000175e-03
7.960000000000000062e-03
8.100000000000000646e-04
3.100000000000000325e-03
3.000000000000000279e-04
2.200000000000000133e-03
7.200000000000000453e-04
5.200000000000000629e-04
3.600000000000000227e-04
3.530000000000000152e-03
3.500000000000000507e-04
1.500000000000000140e-04
7.600000000000000418e-04
2.840000000000000076e-03
3.099999999999999999e-04
6.070000000000000742e-03
4.800000000000000664e-04
9.409999999999999962e-03
2.480000000000000000e-03
1.690000000000000096e-03
2.030000000000000120e-03
6.200000000000000649e-03
2.500000000000000052e-04
4.730000000000000697e-03
6.600000000000001048e-04
6.500000000000000786e-04
2.500000000000000052e-04
1.560000000000000189e-03
4.300000000000000436e-04
2.840000000000000076e-03
8.300000000000001170e-04
6.060000000000000282e-03
2.600000000000000314e-04
1.364000000000000108e-02
2.500000000000000052e-04
5.920000000000000782e-03
8.600000000000000873e-04
4.360000000000000160e-03
3.400000000000000244e-04
4.820000000000000499e-03
1.020000000000000073e-03
2.020000000000000094e-03
3.900000000000000471e-04
5.470000000000000036e-03
2.400000000000000332e-04
5.600000000000000594e-04
3.200000000000000262e-04
6.000000000000000559e-04
1.100000000000000039e-04
1.750000000000000036e-03
7.300000000000000716e-04
2.470000000000000407e-03
3.000000000000000279e-04
5.700000000000000205e-03
4.300000000000000436e-04
8.600000000000000873e-04
3.300000000000000524e-04
1.010000000000000047e-03
3.900000000000000471e-04
1.400000000000000203e-03
4.800000000000000664e-04
2.240000000000000237e-03
7.900000000000000772e-03
4.200000000000000608e-03
5.000000000000000240e-05
1.000000000000000082e-05
1.000000000000000082e-05
5.200000000000000629e-04
6.100000000000000821e-04
5.830000000000000113e-03
4.300000000000000436e-04
4.180000000000000555e-03
5.200000000000000629e-04
7.300000000000000716e-04
3.200000000000000262e-04
1.380000000000000150e-03
2.540000000000000157e-03
3.560000000000000230e-03
3.000000000000000279e-04
3.590000000000000309e-03
1.200000000000000166e-04
9.050000000000000752e-03
6.500000000000000786e-04
1.320000000000000210e-03
2.600000000000000314e-03
5.870000000000000218e-03
1.700000000000000122e-04
6.100000000000000821e-04
6.310000000000000504e-03
2.760000000000000300e-03
9.100000000000001100e-04
1.880000000000000161e-03
4.300000000000000436e-04
1.130000000000000145e-03
2.622000000000000372e-02
1.360000000000000098e-03
4.480000000000000475e-03
4.900000000000000926e-04
8.400000000000000348e-04
1.690000000000000096e-03
4.060000000000000241e-03
8.500000000000000611e-04
5.100000000000000366e-04
2.190000000000000106e-03
6.900000000000000751e-04
8.750000000000000833e-03
2.900000000000000017e-04
2.790000000000000379e-03
2.700000000000000035e-04
4.200000000000000608e-03
2.300000000000000070e-04
3.959999999999999978e-03
3.700000000000000489e-04
3.630000000000000414e-03
9.600000000000001327e-04
6.030000000000000637e-03
9.200000000000000278e-04
4.060000000000000241e-03
2.000000000000000096e-04
7.200000000000000453e-04
4.700000000000000401e-04
2.750000000000000274e-03
3.804000000000000437e-02
1.850000000000000082e-03
4.800000000000000664e-04
5.090000000000000774e-03
1.230000000000000190e-03
3.530000000000000152e-03
5.940000000000000835e-03
4.400000000000000157e-04
1.500000000000000140e-04
7.010000000000000606e-03
3.500000000000000507e-04
2.260000000000000290e-03
8.700000000000001135e-04
3.390000000000000218e-03
4.400000000000000157e-04
1.280000000000000105e-03
7.300000000000000716e-04
6.120000000000000440e-03
5.600000000000000594e-04
2.740000000000000248e-03
7.300000000000000716e-04
9.460000000000001394e-03
2.700000000000000035e-04
1.800000000000000113e-04
2.350000000000000092e-03
1.420000000000000038e-03
1.010000000000000047e-03
7.170000000000000158e-03
1.080000000000000014e-03
3.110000000000000351e-03
5.000000000000000240e-05
7.440000000000000432e-03
2.000000000000000096e-04
3.520000000000000125e-03
3.820000000000000479e-03
2.550000000000000183e-03
3.000000000000000279e-04
5.800000000000000034e-04
2.200000000000000078e-04
9.600000000000001327e-04
2.600000000000000314e-03
7.980000000000000981e-03
9.000000000000000567e-05
1.940000000000000101e-03
7.400000000000000978e-04
3.040000000000000167e-03
5.400000000000000069e-04
3.230000000000000232e-03
1.680000000000000070e-03
3.900000000000000471e-04
2.800000000000000297e-04
2.230000000000000211e-03
3.640000000000000440e-03
1.850000000000000082e-03
4.600000000000000139e-04
1.200000000000000166e-04
4.700000000000000401e-04
4.470000000000000015e-03
5.800000000000000034e-04
3.000000000000000062e-03
3.500000000000000507e-04
2.060000000000000199e-03
8.900000000000000576e-04
5.200000000000000629e-04
2.100000000000000087e-04
1.230000000000000190e-03
3.700000000000000489e-04
2.050000000000000173e-03
4.700000000000000401e-04
1.278000000000000143e-02
3.500000000000000507e-04
2.590000000000000288e-03
1.210000000000000138e-03
1.000000000000000021e-03
2.600000000000000314e-04
8.900000000000000576e-04
5.400000000000000069e-04
3.450000000000000375e-03
9.899999999999999946e-04
5.610000000000000403e-03
5.000000000000000240e-05
7.630000000000000497e-03
3.000000000000000279e-04
3.320000000000000468e-03
2.800000000000000297e-04
5.600000000000000810e-03
2.000000000000000096e-04
8.790000000000000938e-03
4.300000000000000436e-04
2.460000000000000381e-03
4.000000000000000192e-04
1.005000000000000164e-02
4.900000000000000926e-04
1.046000000000000055e-02
2.200000000000000078e-04
1.880000000000000161e-03
4.600000000000000139e-04
1.260000000000000052e-03
1.300000000000000157e-03
1.282000000000000153e-02
4.300000000000000436e-04
6.320000000000000097e-03
1.400000000000000148e-04
2.840000000000000076e-03
4.120000000000000398e-03
1.000000000000000048e-04
2.758000000000000382e-02
9.030000000000001567e-03
2.900000000000000017e-04
6.100000000000000821e-04
9.500000000000001065e-04
1.720000000000000175e-03
2.200000000000000078e-04
1.130000000000000145e-03
2.700000000000000035e-04
1.016000000000000063e-02
9.200000000000000278e-04
3.220000000000000206e-03
2.100000000000000087e-04
3.170000000000000075e-03
4.300000000000000436e-04
8.370000000000000703e-03
3.200000000000000262e-04
1.390000000000000176e-03
6.100000000000000821e-04
4.020000000000000136e-03
2.000000000000000096e-04
2.020000000000000094e-03
4.200000000000000174e-04
1.530000000000000110e-03
3.900000000000000471e-04
9.100000000000001100e-04
2.840000000000000076e-03
3.010000000000000089e-03
1.590000000000000050e-03
2.300000000000000070e-04
3.700000000000000489e-04
4.340000000000000108e-03
1.400000000000000203e-03
5.860000000000000625e-03
3.600000000000000227e-04
3.910000000000000281e-03
1.100000000000000066e-03
3.950000000000000386e-03
1.400000000000000148e-04
8.900000000000000576e-04
5.500000000000000331e-04
2.930000000000000313e-03
1.600000000000000131e-04
6.199999999999999999e-04
1.460000000000000143e-03
1.210000000000000138e-03
3.000000000000000279e-04
4.120000000000000398e-03
8.600000000000000873e-04
5.890000000000000270e-03
6.500000000000000786e-04
2.300000000000000395e-03
6.560000000000000726e-03
7.770000000000000864e-03
5.000000000000000240e-05
7.060000000000000303e-03
7.200000000000000453e-04
8.440000000000001321e-03
1.120000000000000119e-03
3.320000000000000468e-03
5.400000000000000069e-04
4.320000000000000055e-03
2.300000000000000070e-04
1.400000000000000148e-04
2.200000000000000078e-04
1.690000000000000096e-03
1.900000000000000105e-04
9.600000000000001327e-04
1.312000000000000145e-02
5.650000000000000508e-03
3.600000000000000227e-04
3.020000000000000115e-03
1.191000000000000045e-02
1.940000000000000101e-03
2.200000000000000078e-04
2.011000000000000287e-02
1.900000000000000105e-04
2.300000000000000070e-04
3.200000000000000262e-04
2.600000000000000314e-04
2.170000000000000054e-03
2.000000000000000096e-04
2.900000000000000017e-04
3.720000000000000216e-03
1.710000000000000148e-03
