7.800000000000000943e-04
1.130000000000000145e-03
2.880000000000000181e-03
3.099999999999999999e-04
9.200000000000000278e-04
2.829000000000000264e-02
5.790000000000000875e-03
6.600000000000001048e-04
4.449999999999999963e-03
8.300000000000001170e-04
3.710000000000000190e-03
3.400000000000000244e-04
6.200000000000000649e-03
1.900000000000000105e-04
7.990000000000000574e-03
1.480000000000000066e-02
5.110000000000000826e-03
3.800000000000000209e-04
6.500000000000000786e-04
5.400000000000000069e-04
1.453000000000000125e-02
1.900000000000000213e-03
1.910000000000000239e-03
1.760000000000000063e-03
5.910000000000000323e-03
3.300000000000000524e-04
7.060000000000000303e-03
3.200000000000000262e-04
1.640000000000000182e-03
1.400000000000000148e-04
8.140000000000001401e-03
1.300000000000000157e-04
8.100000000000001296e-03
4.520000000000000580e-03
4.109999999999999938e-03
1.300000000000000157e-04
9.840000000000001523e-03
2.600000000000000314e-03
1.228000000000000098e-02
3.200000000000000262e-04
7.590000000000000392e-03
4.440000000000000370e-03
7.070000000000000763e-03
1.910000000000000239e-03
3.560000000000000230e-03
2.500000000000000052e-04
7.900000000000000121e-04
4.600000000000000139e-04
2.160000000000000028e-03
6.199999999999999999e-04
6.940000000000000856e-03
1.000000000000000082e-05
1.642000000000000057e-02
5.700000000000000856e-04
3.920000000000000741e-03
3.400000000000000244e-04
1.072000000000000036e-02
7.000000000000000742e-05
1.580000000000000024e-03
3.300000000000000524e-04
1.640000000000000182e-03
3.099999999999999999e-04
1.159000000000000134e-02
6.400000000000000524e-04
3.180000000000000101e-03
8.000000000000000654e-05
5.300000000000000891e-04
2.500000000000000052e-04
8.100000000000000646e-04
3.200000000000000262e-04
1.348000000000000066e-02
4.000000000000000327e-05
5.200000000000000629e-03
1.200000000000000112e-03
4.030000000000000596e-03
1.232000000000000109e-02
2.510000000000000078e-03
4.400000000000000157e-04
3.900000000000000471e-04
2.390000000000000197e-03
7.400000000000000328e-03
6.199999999999999999e-04
4.540000000000000632e-03
6.000000000000000559e-04
1.940000000000000101e-03
6.400000000000000524e-04
4.400000000000000157e-04
2.810000000000000431e-03
4.920000000000000762e-03
2.200000000000000078e-04
3.176999999999999963e-02
1.600000000000000131e-04
1.123000000000000040e-02
1.000000000000000082e-05
6.260000000000000807e-03
6.300000000000000261e-04
3.970000000000000438e-03
4.600000000000000139e-04
2.330000000000000127e-02
4.260000000000000765e-03
2.210000000000000159e-03
5.620000000000000863e-03
1.510000000000000057e-03
2.805000000000000202e-02
6.400000000000000524e-04
2.770000000000000327e-03
2.770000000000000327e-03
1.300000000000000157e-04
4.750000000000000749e-03
1.130000000000000145e-03
2.610000000000000341e-03
5.300000000000000891e-04
1.615000000000000116e-02
1.040000000000000126e-03
3.873000000000000054e-02
1.200000000000000166e-04
1.340000000000000045e-02
9.000000000000000567e-05
2.455000000000000238e-02
6.400000000000000524e-04
1.146000000000000144e-02
1.630000000000000155e-03
3.230000000000000232e-03
2.300000000000000070e-04
4.780000000000000394e-03
3.300000000000000524e-04
1.233000000000000068e-02
4.600000000000000139e-04
1.900000000000000213e-03
1.800000000000000113e-04
1.600000000000000131e-04
3.400000000000000244e-04
3.600000000000000227e-04
3.200000000000000262e-04
1.210000000000000138e-03
2.100000000000000087e-04
5.400000000000000069e-04
1.140000000000000171e-03
2.100000000000000087e-04
2.320000000000000014e-03
4.000000000000000327e-05
4.270000000000000358e-03
4.120000000000000398e-03
3.600000000000000227e-04
1.870000000000000134e-03
5.500000000000000331e-04
9.180000000000000659e-03
1.040000000000000126e-03
3.000000000000000062e-03
6.700000000000000226e-03
3.260000000000000311e-03
1.005000000000000164e-02
5.180000000000000576e-03
3.300000000000000524e-04
4.020000000000000136e-03
1.810000000000000194e-03
4.980000000000000052e-03
1.810000000000000194e-03
2.040000000000000147e-03
2.500000000000000052e-04
7.000000000000000742e-05
2.800000000000000405e-03
1.660000000000000234e-03
3.200000000000000262e-04
1.490000000000000222e-03
2.500000000000000052e-04
9.830000000000000196e-03
4.800000000000000664e-04
6.400000000000000524e-04
4.000000000000000192e-04
1.485000000000000035e-02
2.200000000000000078e-04
1.154000000000000165e-02
3.600000000000000227e-04
8.890000000000000333e-03
3.440000000000000349e-03
1.200000000000000166e-04
7.500000000000000156e-04
5.320000000000000076e-03
2.400000000000000332e-04
4.100000000000000454e-04
2.710000000000000169e-03
7.660000000000001009e-03
4.300000000000000436e-04
3.050000000000000194e-03
1.400000000000000148e-04
4.750000000000000749e-03
5.500000000000000331e-04
8.820000000000001450e-03
4.000000000000000192e-04
2.400000000000000223e-03
1.400000000000000148e-04
3.282000000000000195e-02
1.220000000000000164e-03
2.243000000000000202e-02
8.700000000000001135e-04
3.400000000000000244e-04
6.800000000000000488e-04
1.296000000000000103e-02
2.900000000000000017e-04
1.589000000000000135e-02
3.300000000000000524e-04
1.448000000000000155e-02
5.000000000000000104e-04
3.320000000000000468e-03
9.700000000000000505e-04
4.030000000000000596e-03
2.200000000000000078e-04
1.890000000000000187e-03
3.500000000000000507e-04
4.100000000000000346e-03
8.900000000000000576e-04
2.700000000000000035e-04
7.200000000000000453e-04
3.099999999999999999e-04
1.180000000000000146e-02
1.164000000000000104e-02
2.460000000000000381e-03
1.512000000000000149e-02
2.000000000000000096e-04
8.340000000000000191e-03
8.000000000000000654e-05
2.390000000000000197e-03
3.099999999999999999e-04
3.757000000000000617e-02
5.700000000000000856e-04
2.930000000000000313e-03
9.700000000000000505e-04
3.260000000000000311e-03
6.600000000000000831e-03
1.195000000000000055e-02
1.500000000000000031e-03
6.490000000000000109e-03
1.330000000000000019e-03
7.120000000000000460e-03
3.000000000000000415e-05
7.690000000000000654e-03
2.500000000000000052e-04
2.700000000000000035e-04
5.100000000000000366e-04
4.994000000000000522e-02
4.300000000000000436e-04
1.000000000000000021e-03
4.700000000000000401e-04
1.100000000000000110e-02
2.100000000000000087e-04
4.810000000000000039e-03
6.400000000000000524e-04
9.020000000000000240e-03
2.230000000000000211e-03
1.088000000000000078e-02
1.500000000000000140e-04
2.340000000000000066e-03
3.200000000000000262e-04
2.714000000000000093e-02
2.490000000000000026e-03
2.390000000000000197e-03
7.000000000000001013e-04
8.300000000000001170e-04
1.030000000000000100e-03
1.100000000000000066e-03
2.830000000000000050e-03
6.220000000000000702e-03
3.099999999999999999e-04
2.380000000000000171e-03
2.100000000000000087e-04
7.240000000000000775e-03
7.700000000000000681e-04
1.464000000000000197e-02
2.300000000000000070e-04
3.890000000000000228e-03
1.400000000000000148e-04
1.027000000000000135e-02
9.000000000000000567e-05
7.100000000000000408e-03
6.800000000000000488e-04
2.687000000000000152e-02
4.300000000000000436e-04
1.120000000000000119e-03
8.400000000000000348e-04
9.770000000000000906e-03
5.400000000000000069e-04
3.880000000000000202e-03
3.670000000000000085e-03
1.075000000000000087e-02
7.400000000000000978e-04
1.558000000000000183e-02
5.100000000000000366e-04
2.035000000000000003e-02
1.800000000000000113e-04
1.320000000000000210e-03
2.300000000000000070e-04
1.751000000000000126e-02
7.900000000000000121e-04
1.877000000000000196e-02
1.930000000000000075e-03
2.800000000000000297e-04
3.400000000000000244e-04
5.200000000000000629e-03
2.200000000000000078e-04
2.820000000000000284e-02
3.099999999999999999e-04
7.700000000000000681e-04
3.600000000000000227e-04
2.040000000000000147e-03
1.230000000000000190e-03
2.400000000000000332e-04
1.597000000000000156e-02
1.790000000000000141e-03
1.010000000000000047e-03
4.570000000000000277e-03
8.930000000000000437e-03
1.254000000000000080e-02
3.200000000000000262e-04
1.800000000000000113e-04
2.900000000000000017e-04
4.290000000000000410e-03
1.510000000000000057e-03
3.700000000000000489e-04
4.500000000000000419e-04
4.630000000000000435e-03
2.510000000000000078e-03
1.080000000000000057e-02
1.320000000000000210e-03
4.970000000000000459e-03
1.000000000000000048e-04
1.940000000000000101e-03
1.940000000000000101e-03
3.590000000000000309e-03
1.370000000000000124e-03
1.800000000000000168e-03
2.850000000000000103e-03
1.691000000000000142e-02
1.050000000000000152e-03
5.370000000000000641e-03
2.050000000000000173e-03
5.400000000000000286e-03
5.900000000000000296e-04
9.230000000000000357e-03
6.900000000000000751e-04
3.099999999999999999e-04
1.540000000000000136e-03
2.730000000000000222e-03
1.770000000000000089e-03
3.420000000000000297e-03
9.900000000000000813e-03
1.977000000000000285e-02
3.300000000000000524e-04
3.400000000000000244e-04
3.400000000000000244e-04
2.480000000000000000e-03
3.000000000000000279e-04
2.900000000000000017e-04
2.181000000000000300e-02
1.855000000000000052e-02
9.000000000000000567e-05
4.990000000000000512e-03
1.200000000000000166e-04
8.130000000000000074e-03
1.910000000000000239e-03
1.959000000000000324e-02
5.900000000000000296e-04
2.340000000000000066e-03
1.700000000000000122e-04
3.640000000000000440e-03
2.400000000000000332e-04
3.350000000000000113e-03
2.900000000000000017e-04
1.230000000000000190e-03
2.700000000000000035e-04
3.130000000000000403e-03
5.270000000000000379e-03
4.240000000000000713e-03
1.670000000000000043e-03
1.050000000000000152e-03
1.390000000000000176e-03
2.300000000000000070e-04
6.000000000000000559e-04
1.931000000000000077e-02
1.900000000000000105e-04
1.185000000000000116e-02
1.760000000000000063e-03
4.310000000000000463e-03
4.000000000000000192e-04
3.260000000000000311e-03
7.400000000000000978e-04
1.830000000000000246e-03
5.800000000000000034e-04
4.470000000000000015e-03
6.400000000000000524e-04
9.010000000000000647e-03
9.899999999999999946e-04
3.400000000000000244e-04
8.000000000000000654e-05
3.380000000000000192e-03
2.900000000000000017e-04
2.450000000000000355e-03
6.199999999999999999e-04
2.880000000000000181e-03
5.100000000000000366e-04
1.730000000000000201e-03
3.500000000000000507e-04
4.920000000000000762e-03
3.000000000000000279e-04
3.970000000000000438e-03
1.317000000000000115e-02
4.240000000000000713e-03
2.600000000000000314e-04
4.700000000000000401e-04
8.900000000000000576e-04
1.435000000000000164e-02
4.300000000000000436e-04
5.550000000000000246e-03
2.200000000000000078e-04
3.300000000000000416e-03
3.390000000000000218e-03
5.160000000000000524e-03
5.500000000000000331e-04
1.663000000000000242e-02
1.500000000000000140e-04
3.220000000000000206e-03
4.600000000000000139e-04
1.000000000000000082e-05
7.250000000000000368e-03
2.570000000000000236e-03
2.800000000000000297e-04
7.740000000000000352e-03
2.260000000000000290e-03
2.210000000000000159e-03
7.200000000000000453e-04
6.140000000000000492e-03
5.200000000000000629e-04
1.380000000000000150e-03
3.600000000000000227e-04
3.130000000000000403e-03
7.100000000000000191e-04
8.900000000000000576e-04
3.800000000000000209e-04
2.560000000000000209e-03
1.130000000000000145e-03
9.080000000000001265e-03
1.860000000000000108e-03
2.130000000000000383e-03
2.600000000000000314e-04
7.900000000000000121e-04
7.200000000000000453e-04
6.290000000000000452e-03
1.130000000000000145e-03
1.843000000000000194e-02
1.090000000000000040e-03
2.710000000000000169e-03
2.110000000000000330e-03
2.941000000000000211e-02
1.460000000000000143e-03
4.270000000000000358e-03
4.700000000000000401e-04
3.600000000000000227e-04
3.300000000000000524e-04
1.200000000000000025e-02
3.200000000000000262e-04
4.000000000000000192e-04
5.700000000000000856e-04
8.600000000000000873e-04
4.600000000000000139e-04
2.560000000000000209e-03
3.600000000000000227e-04
9.600000000000001327e-04
1.600000000000000131e-04
1.969999999999999963e-03
1.319000000000000034e-02
5.300000000000000891e-04
2.600000000000000314e-04
1.320000000000000210e-03
3.099999999999999999e-04
2.800000000000000405e-03
1.410000000000000012e-03
1.050000000000000152e-03
2.100000000000000304e-03
3.900000000000000471e-04
2.250000000000000264e-03
7.700000000000000247e-03
3.300000000000000524e-04
9.300000000000000541e-04
1.730000000000000201e-03
4.200000000000000608e-03
1.310000000000000053e-02
7.760000000000000404e-03
3.605000000000000565e-02
3.070000000000000246e-03
6.550000000000000266e-03
4.200000000000000174e-04
9.500000000000001065e-04
3.800000000000000209e-04
4.500000000000000419e-04
4.090000000000000753e-03
1.900000000000000213e-03
2.850000000000000103e-03
2.300000000000000070e-04
1.440000000000000091e-03
1.040000000000000126e-03
3.740000000000000269e-03
6.300000000000000261e-04
9.030000000000001567e-03
1.260000000000000052e-03
1.020000000000000073e-03
1.080000000000000014e-03
4.940000000000000814e-03
7.400000000000000978e-04
5.910000000000000323e-03
4.000000000000000327e-05
8.000000000000000167e-03
1.700000000000000122e-04
3.300000000000000524e-04
3.600000000000000227e-04
2.390000000000000197e-03
1.600000000000000131e-04
2.054000000000000270e-02
3.800000000000000209e-04
2.690000000000000117e-03
2.100000000000000087e-04
6.360000000000000202e-03
1.400000000000000148e-04
2.600000000000000314e-03
2.730000000000000222e-03
1.010000000000000047e-03
3.320000000000000468e-03
3.020000000000000115e-03
8.800000000000000313e-04
5.420000000000000338e-03
5.200000000000000629e-04
1.330000000000000019e-03
5.130000000000000011e-03
1.770000000000000089e-03
3.560000000000000230e-03
1.510000000000000057e-02
1.822000000000000008e-02
3.070000000000000246e-03
4.100000000000000454e-04
3.380000000000000192e-03
4.700000000000000401e-04
2.930000000000000313e-03
7.240000000000000775e-03
6.270000000000000399e-03
4.660000000000000080e-03
8.440000000000001321e-03
1.888000000000000095e-02
2.170000000000000054e-03
4.000000000000000192e-04
4.900000000000000709e-03
1.246000000000000059e-02
2.384000000000000355e-02
3.240000000000000258e-03
2.027000000000000329e-02
3.800000000000000209e-04
2.002000000000000307e-02
2.300000000000000070e-04
1.150000000000000197e-03
1.000000000000000048e-04
3.800000000000000426e-03
1.710000000000000148e-03
7.700000000000000681e-04
2.800000000000000297e-04
2.070000000000000225e-03
2.200000000000000078e-04
2.610000000000000341e-03
1.750000000000000036e-03
1.000000000000000048e-04
8.000000000000000383e-04
6.270000000000000399e-03
3.070000000000000246e-03
5.020000000000000157e-03
4.600000000000000139e-04
4.500000000000000527e-03
2.430000000000000302e-03
2.500000000000000052e-04
8.500000000000000611e-04
1.002000000000000113e-02
2.400000000000000332e-04
5.880000000000000678e-03
1.210000000000000138e-03
1.704000000000000306e-02
4.800000000000000664e-04
1.500000000000000031e-03
5.900000000000000296e-04
6.260000000000000807e-03
2.210000000000000159e-03
4.279999999999999950e-03
3.500000000000000507e-04
7.120000000000000460e-03
8.500000000000000611e-04
1.998000000000000123e-02
3.200000000000000262e-04
6.400000000000000307e-03
2.760000000000000300e-03
4.260000000000000765e-03
3.500000000000000507e-04
