1.130000000000000145e-03
1.920000000000000265e-03
1.030000000000000100e-03
1.670000000000000043e-03
4.800000000000000664e-04
4.530000000000000172e-03
4.200000000000000174e-04
5.400000000000000069e-04
4.700000000000000401e-04
4.590000000000000330e-03
6.100000000000000821e-04
2.650000000000000012e-03
5.500000000000000331e-04
1.401000000000000162e-02
5.200000000000000629e-04
2.839000000000000204e-02
1.034300000000000080e-01
5.100000000000000366e-03
7.000000000000000742e-05
7.410000000000000787e-03
5.400000000000000069e-04
4.000000000000000327e-05
2.940000000000000339e-03
6.400000000000000307e-03
1.300000000000000157e-04
3.640000000000000440e-03
1.800000000000000113e-04
2.275000000000000286e-02
4.920000000000000762e-03
4.900000000000000926e-04
6.800000000000000488e-04
2.900000000000000017e-04
2.700000000000000035e-04
2.830000000000000050e-03
2.150000000000000001e-03
5.750000000000000770e-03
5.900000000000000296e-04
1.243000000000000181e-02
9.100000000000001100e-04
4.670000000000000540e-03
1.050000000000000152e-03
1.176000000000000136e-02
3.600000000000000227e-04
1.260000000000000052e-03
1.710000000000000148e-03
1.220000000000000164e-03
2.000000000000000096e-04
9.670000000000001511e-03
2.200000000000000078e-04
1.455000000000000043e-02
4.300000000000000436e-04
6.420000000000000359e-03
6.000000000000000830e-05
7.390000000000000735e-03
1.500000000000000140e-04
5.400000000000000286e-03
4.300000000000000436e-04
4.080000000000000293e-03
6.800000000000000488e-04
1.140000000000000171e-03
4.000000000000000192e-04
3.450000000000000375e-03
2.320000000000000014e-03
2.930000000000000313e-03
3.220000000000000206e-03
3.420000000000000297e-03
6.700000000000000226e-04
4.700000000000000401e-04
9.000000000000000567e-05
1.300000000000000157e-04
6.800000000000000488e-04
5.100000000000000366e-03
8.100000000000000646e-04
7.000000000000000146e-03
3.400000000000000244e-04
1.920000000000000265e-03
1.400000000000000148e-04
3.730000000000000242e-03
2.300000000000000070e-04
3.080000000000000272e-03
2.700000000000000035e-04
1.014000000000000144e-02
3.500000000000000507e-04
1.540000000000000136e-03
3.500000000000000507e-04
2.243000000000000202e-02
3.300000000000000524e-04
5.650000000000000508e-03
3.800000000000000209e-04
8.600000000000000006e-03
5.380000000000000233e-03
2.280000000000000342e-03
4.100000000000000454e-04
1.550000000000000162e-03
4.350000000000000568e-03
3.890000000000000228e-03
2.000000000000000096e-04
2.682000000000000356e-02
4.300000000000000436e-04
1.240000000000000000e-03
1.300000000000000157e-04
1.181000000000000105e-02
1.500000000000000140e-04
9.100000000000000450e-03
5.400000000000000069e-04
7.250000000000000368e-03
2.700000000000000035e-04
7.900000000000000121e-04
5.600000000000000594e-04
2.810000000000000431e-03
3.900000000000000471e-04
1.046000000000000055e-02
5.000000000000000240e-05
1.800000000000000168e-03
1.800000000000000113e-04
2.000000000000000096e-04
1.200000000000000166e-04
1.087000000000000119e-02
8.300000000000001170e-04
3.300000000000000524e-04
7.400000000000000978e-04
8.580000000000000820e-03
6.100000000000000821e-04
2.670000000000000064e-03
3.050000000000000194e-03
1.860000000000000108e-03
4.200000000000000174e-04
5.200000000000000629e-03
4.180000000000000555e-03
3.160000000000000048e-03
3.900000000000000471e-04
6.410000000000000767e-03
2.120000000000000356e-03
4.610000000000000382e-03
2.650000000000000012e-03
2.750000000000000274e-03
3.614000000000000545e-02
4.740000000000000289e-03
2.900000000000000017e-04
6.930000000000000396e-03
1.870000000000000134e-03
4.619999999999999975e-03
2.566000000000000225e-02
6.180000000000000597e-03
9.000000000000000567e-05
4.760000000000000342e-03
1.500000000000000140e-04
1.553000000000000214e-02
7.000000000000000146e-03
6.199999999999999999e-04
1.030000000000000100e-03
5.730000000000000718e-03
2.000000000000000096e-04
5.010000000000000564e-03
1.620000000000000129e-03
9.810000000000001011e-03
2.700000000000000035e-04
1.670000000000000043e-03
5.100000000000000366e-04
6.800000000000000488e-04
3.900000000000000471e-04
8.049999999999999864e-03
1.900000000000000105e-04
1.690000000000000096e-03
1.400000000000000148e-04
6.100000000000000821e-04
3.700000000000000489e-04
9.400000000000000803e-04
5.800000000000000034e-04
1.027000000000000135e-02
1.800000000000000113e-04
8.070000000000000784e-03
5.400000000000000069e-04
6.210000000000000242e-03
4.600000000000000139e-04
2.450000000000000355e-03
3.500000000000000507e-04
2.089000000000000232e-02
2.714000000000000093e-02
7.100000000000000191e-04
2.000000000000000164e-05
1.000000000000000082e-05
1.000000000000000082e-05
4.070000000000000701e-03
1.915000000000000036e-02
2.040000000000000147e-03
2.300000000000000070e-04
5.430000000000000798e-03
8.200000000000000908e-04
1.920000000000000265e-03
1.426800000000000013e-01
1.940000000000000101e-03
2.900000000000000017e-04
1.350000000000000071e-03
2.400000000000000332e-04
2.430000000000000302e-03
2.000000000000000042e-03
4.040000000000000188e-03
1.600000000000000077e-03
7.720000000000000299e-03
8.440000000000001321e-03
2.240000000000000237e-03
1.240000000000000000e-03
6.810000000000000948e-03
3.390000000000000218e-03
8.830000000000001042e-03
1.420000000000000038e-03
8.219999999999999876e-03
3.700000000000000489e-04
2.247000000000000039e-02
2.030000000000000120e-03
2.143000000000000113e-02
2.400000000000000332e-04
4.270000000000000358e-03
4.250000000000000305e-02
1.449000000000000114e-02
1.100000000000000039e-04
6.640000000000000936e-03
1.270000000000000078e-03
4.150000000000000043e-03
1.550000000000000162e-03
1.890000000000000187e-03
4.348000000000000476e-02
8.000000000000000167e-03
1.700000000000000122e-04
1.969999999999999963e-03
3.720000000000000216e-03
1.444000000000000145e-02
3.500000000000000507e-04
1.600000000000000131e-04
1.550000000000000162e-02
1.790000000000000141e-03
4.100000000000000454e-04
5.710000000000000665e-03
6.000000000000000559e-04
2.910000000000000260e-03
2.000000000000000096e-04
3.460000000000000402e-03
1.220000000000000164e-03
3.740000000000000269e-03
2.900000000000000017e-04
2.386000000000000273e-02
3.720000000000000216e-03
2.700000000000000143e-03
2.400000000000000332e-04
5.700000000000000856e-04
2.000000000000000096e-04
6.470000000000000924e-03
3.230000000000000232e-03
1.095000000000000140e-02
7.500000000000000156e-04
1.844000000000000153e-02
2.200000000000000078e-04
2.030000000000000120e-03
4.169000000000000483e-02
2.040000000000000147e-03
5.560000000000000706e-03
1.400000000000000148e-04
1.500000000000000140e-04
3.820000000000000479e-03
1.030000000000000100e-03
2.910000000000000260e-03
1.540000000000000136e-03
3.220000000000000206e-03
2.020000000000000094e-03
1.184000000000000156e-02
3.900000000000000471e-04
4.150000000000000043e-03
2.350000000000000092e-03
9.000000000000000838e-04
9.451000000000001067e-02
5.850000000000000165e-03
2.700000000000000035e-04
3.330000000000000061e-03
2.200000000000000078e-04
8.550000000000000308e-03
1.700000000000000122e-04
2.970000000000000417e-03
4.700000000000000401e-04
1.196000000000000014e-02
1.430000000000000064e-03
1.708000000000000143e-02
1.020000000000000073e-03
1.144000000000000052e-02
1.900000000000000105e-04
3.600000000000000335e-03
1.000000000000000082e-05
1.000000000000000082e-05
1.000000000000000082e-05
7.890000000000001179e-03
2.400000000000000332e-04
1.020000000000000073e-03
1.700000000000000122e-04
1.346000000000000148e-02
3.000000000000000415e-05
2.290000000000000369e-03
5.900000000000000296e-04
3.780000000000000374e-03
3.200000000000000262e-04
1.397000000000000151e-02
2.400000000000000332e-04
3.700000000000000164e-03
1.700000000000000122e-03
1.460000000000000143e-03
7.100000000000000191e-04
9.919999999999999998e-03
3.900000000000000471e-04
1.027000000000000135e-02
8.000000000000000654e-05
2.623000000000000331e-02
1.150000000000000197e-03
4.489000000000000629e-02
7.400000000000000978e-04
2.690000000000000117e-03
4.160000000000000503e-03
1.700000000000000122e-03
3.320000000000000468e-03
6.480000000000000517e-03
1.190000000000000085e-03
6.340000000000000149e-03
1.979999999999999989e-03
1.105000000000000079e-02
3.800000000000000209e-04
1.720000000000000175e-03
5.500000000000000331e-04
3.500000000000000073e-03
2.500000000000000052e-04
1.419000000000000122e-02
2.000000000000000096e-04
1.130000000000000145e-03
2.060000000000000199e-03
8.750000000000000833e-03
3.200000000000000262e-04
2.340000000000000066e-03
2.600000000000000314e-04
9.760000000000001313e-03
9.600000000000001327e-04
1.334000000000000116e-02
1.410000000000000012e-03
4.000000000000000192e-04
2.300000000000000070e-04
1.140000000000000171e-03
3.300000000000000524e-04
7.080000000000000356e-03
5.200000000000000629e-04
1.340000000000000045e-03
1.000000000000000082e-05
3.240000000000000258e-03
2.900000000000000017e-04
3.080000000000000272e-03
3.130000000000000403e-03
7.260000000000000828e-03
4.630000000000000435e-03
9.430000000000000882e-03
5.700000000000000856e-04
4.230000000000000253e-03
1.710000000000000148e-03
7.710000000000000707e-03
3.100000000000000325e-03
5.500000000000000331e-04
8.049999999999999864e-03
4.600000000000000139e-04
1.190000000000000085e-03
5.600000000000000594e-04
5.000000000000000240e-05
4.120000000000000398e-03
1.600000000000000131e-04
2.387000000000000233e-02
8.000000000000000383e-04
7.320000000000000985e-03
3.050000000000000194e-03
9.400000000000000369e-03
2.300000000000000070e-04
1.005000000000000164e-02
1.300000000000000157e-04
2.052000000000000005e-02
4.700000000000000401e-04
3.550000000000000204e-03
1.710000000000000148e-03
9.160000000000001474e-03
6.880000000000000698e-03
2.840000000000000076e-03
9.899999999999999946e-04
9.409999999999999962e-03
3.200000000000000262e-04
1.492000000000000097e-02
1.040000000000000126e-03
1.190000000000000085e-03
4.000000000000000192e-04
2.090000000000000278e-03
8.000000000000000383e-04
2.710000000000000169e-03
4.700000000000000401e-04
1.688000000000000264e-02
2.600000000000000314e-04
7.210000000000000263e-03
3.000000000000000279e-04
1.154000000000000165e-02
1.500000000000000140e-04
1.124000000000000173e-02
6.000000000000000559e-04
5.630000000000000455e-03
2.200000000000000078e-04
2.672000000000000069e-02
4.800000000000000664e-04
2.020000000000000094e-03
1.800000000000000168e-03
4.220000000000000660e-03
3.200000000000000262e-04
3.390000000000000218e-03
3.500000000000000507e-04
8.600000000000000873e-04
1.460000000000000143e-03
9.000000000000000838e-04
6.000000000000000830e-05
2.070000000000000225e-03
6.000000000000000559e-04
3.200000000000000153e-03
4.000000000000000192e-04
9.409999999999999962e-03
2.400000000000000332e-04
3.570000000000000256e-03
2.435000000000000359e-02
2.200000000000000078e-04
8.300000000000001170e-04
1.372000000000000129e-02
6.600000000000001048e-04
8.880000000000000740e-03
2.100000000000000087e-04
1.008000000000000042e-02
4.200000000000000174e-04
2.350000000000000092e-03
1.010000000000000047e-03
1.283000000000000113e-02
4.400000000000000157e-04
1.364000000000000108e-02
2.100000000000000087e-04
4.279999999999999950e-03
2.600000000000000314e-04
2.961000000000000090e-02
4.040000000000000188e-03
8.200000000000000691e-03
3.700000000000000489e-04
2.590000000000000288e-03
3.000000000000000279e-04
4.240000000000000713e-03
1.620000000000000129e-03
3.110000000000000351e-03
2.500000000000000052e-04
4.180000000000000555e-03
6.600000000000001048e-04
1.310000000000000183e-03
3.500000000000000507e-04
1.105000000000000079e-02
5.700000000000000856e-04
3.980000000000000031e-03
5.100000000000000366e-04
8.350000000000001518e-03
5.100000000000000366e-04
4.040000000000000188e-03
3.600000000000000227e-04
4.580000000000000737e-03
8.700000000000001135e-04
8.980000000000000135e-03
1.220000000000000164e-03
8.620000000000000925e-03
6.199999999999999999e-04
2.900000000000000234e-03
2.700000000000000035e-04
1.660000000000000234e-03
5.700000000000000856e-04
7.260000000000000828e-03
1.900000000000000105e-04
1.430000000000000064e-03
2.500000000000000052e-04
2.350000000000000092e-03
3.020000000000000115e-03
2.150000000000000001e-03
1.040000000000000126e-03
1.090000000000000040e-03
3.099999999999999999e-04
1.445000000000000104e-02
2.450000000000000355e-03
7.040000000000000251e-03
2.700000000000000035e-04
6.970000000000000501e-03
8.000000000000000654e-05
3.730000000000000242e-03
3.000000000000000279e-04
1.020000000000000073e-03
1.130000000000000145e-03
3.370000000000000166e-03
1.400000000000000148e-04
1.044000000000000136e-02
1.610000000000000103e-03
5.100000000000000366e-04
1.200000000000000166e-04
1.435000000000000164e-02
8.900000000000000576e-04
7.040000000000000251e-03
2.200000000000000078e-04
1.457000000000000135e-02
3.400000000000000244e-04
2.200000000000000078e-04
4.700000000000000401e-04
6.199999999999999999e-04
4.000000000000000327e-05
