1.460000000000000143e-03
2.610000000000000341e-03
1.170000000000000033e-02
1.120000000000000119e-03
9.590000000000001301e-03
2.700000000000000035e-04
5.460000000000000443e-03
7.400000000000000978e-04
1.840000000000000056e-03
1.920000000000000265e-03
7.300000000000000716e-04
1.900000000000000105e-04
8.590000000000000413e-03
1.800000000000000113e-04
1.132000000000000020e-02
2.900000000000000017e-04
3.710000000000000190e-03
1.100000000000000039e-04
1.220000000000000077e-02
3.600000000000000422e-02
6.700000000000000226e-04
9.000000000000000838e-04
3.540000000000000178e-03
9.600000000000001327e-04
7.830000000000000154e-03
1.010000000000000047e-03
2.210000000000000159e-03
5.700000000000000856e-04
1.773000000000000270e-02
3.170000000000000075e-03
1.900000000000000105e-04
9.000000000000000567e-05
6.300000000000000261e-04
1.384500000000000175e-01
1.324000000000000177e-02
4.300000000000000436e-04
2.331000000000000086e-02
1.500000000000000140e-04
1.611000000000000279e-02
1.600000000000000131e-04
7.300000000000000716e-04
4.700000000000000401e-04
6.050000000000000690e-03
1.410000000000000012e-03
7.020000000000000198e-03
1.830000000000000246e-03
1.610000000000000103e-03
1.940000000000000101e-03
3.320000000000000468e-03
1.200000000000000166e-04
3.150000000000000456e-03
1.680000000000000070e-03
5.400000000000000069e-04
1.400000000000000203e-03
1.132000000000000020e-02
1.500000000000000140e-04
3.910000000000000281e-03
5.600000000000000594e-04
7.900000000000000121e-04
1.000000000000000048e-04
5.220000000000000681e-03
3.300000000000000524e-04
1.949000000000000038e-02
1.700000000000000122e-03
4.540000000000000632e-03
1.300000000000000157e-04
4.200000000000000608e-03
5.400000000000000069e-04
3.360000000000000139e-03
2.300000000000000070e-04
9.990000000000000616e-03
2.070000000000000225e-03
6.280000000000000859e-03
8.300000000000001170e-04
1.514000000000000068e-02
3.170000000000000075e-03
9.660000000000000184e-03
2.620000000000000367e-03
2.150000000000000001e-03
3.120000000000000377e-03
5.760000000000000363e-03
1.100000000000000066e-03
6.000000000000000125e-03
1.240000000000000000e-03
2.286000000000000185e-02
6.207000000000000711e-02
4.810000000000000039e-03
4.200000000000000174e-04
1.028000000000000094e-02
1.000000000000000082e-05
4.270000000000000358e-03
2.400000000000000332e-04
3.750000000000000295e-03
1.700000000000000122e-04
2.960000000000000391e-03
1.700000000000000122e-04
3.950000000000000386e-03
5.500000000000000331e-04
4.670000000000000540e-03
3.099999999999999999e-04
4.400000000000000157e-04
1.700000000000000122e-03
5.010000000000000564e-03
2.100000000000000087e-04
1.040000000000000126e-03
3.099999999999999999e-04
3.370000000000000166e-03
5.200000000000000629e-04
6.180000000000000597e-03
1.080000000000000014e-03
5.410000000000000746e-03
5.100000000000000366e-04
1.058000000000000086e-02
3.099999999999999999e-04
1.161000000000000053e-02
5.700000000000000856e-04
3.100000000000000325e-03
2.200000000000000078e-04
3.000000000000000062e-03
3.500000000000000507e-04
9.100000000000001100e-04
7.800000000000000943e-04
2.690000000000000117e-03
5.900000000000000296e-04
1.760000000000000063e-03
1.100000000000000039e-04
3.460000000000000402e-03
2.070000000000000225e-03
6.010000000000000585e-03
7.200000000000000453e-04
1.910000000000000239e-03
2.700000000000000035e-04
4.260000000000000765e-03
3.540000000000000178e-03
1.330000000000000019e-03
1.573700000000000099e-01
6.440000000000000412e-03
3.000000000000000279e-04
4.619999999999999975e-03
9.500000000000001065e-04
2.690000000000000117e-03
3.400000000000000244e-04
1.370000000000000124e-03
3.038000000000000075e-02
4.710000000000000644e-03
4.900000000000000926e-04
2.460000000000000381e-03
1.300000000000000157e-04
5.550000000000000246e-03
1.500000000000000140e-04
2.206000000000000322e-02
2.000000000000000096e-04
1.275000000000000092e-02
1.590000000000000050e-03
7.530000000000000235e-03
1.630000000000000155e-03
3.207000000000000128e-02
5.820000000000000173e-02
8.570000000000001228e-03
4.580000000000000737e-03
5.370000000000000641e-03
9.000000000000000838e-04
3.670000000000000085e-03
1.710000000000000148e-03
6.860000000000000646e-03
2.370000000000000145e-03
1.319000000000000034e-02
1.240000000000000000e-03
4.800000000000000664e-04
1.200000000000000112e-03
1.084000000000000068e-02
5.240000000000000734e-03
1.150000000000000197e-03
5.100000000000000366e-04
7.800000000000000943e-04
4.640000000000000027e-03
5.310000000000000484e-03
4.600000000000000139e-04
8.970000000000000542e-03
7.200000000000000453e-04
2.290000000000000369e-03
6.000000000000000559e-04
1.370000000000000124e-03
1.010000000000000047e-03
5.320000000000000076e-03
2.800000000000000297e-04
1.069000000000000158e-02
1.600000000000000077e-03
1.179000000000000013e-02
3.600000000000000227e-04
3.490000000000000480e-03
3.632000000000000506e-02
8.800000000000000313e-04
1.680000000000000070e-03
3.230000000000000232e-03
2.100000000000000087e-04
6.560000000000000726e-03
4.000000000000000192e-04
6.300000000000000912e-03
2.400000000000000332e-04
1.668999999999999997e-02
1.017000000000000022e-02
1.770000000000000089e-03
1.120000000000000119e-03
7.450000000000000892e-03
3.450000000000000289e-02
2.800000000000000297e-04
1.015000000000000104e-02
2.400000000000000223e-03
1.020000000000000073e-03
3.740000000000000269e-03
2.700000000000000035e-04
2.630000000000000393e-03
1.930000000000000075e-03
2.203000000000000097e-02
1.310000000000000183e-03
1.030000000000000100e-03
1.231000000000000150e-02
1.200000000000000166e-04
3.250000000000000284e-03
3.200000000000000262e-04
1.130000000000000102e-02
8.860000000000001555e-03
2.800000000000000297e-04
1.340000000000000045e-03
2.600000000000000314e-04
7.090000000000000815e-03
1.700000000000000122e-04
6.060000000000000282e-03
5.200000000000000629e-04
5.380000000000000233e-03
4.700000000000000401e-04
2.340000000000000066e-03
1.162000000000000012e-02
5.180000000000000576e-03
2.800000000000000297e-04
1.090000000000000040e-03
2.830000000000000050e-03
1.568000000000000296e-02
2.100000000000000087e-04
2.240000000000000237e-03
1.200000000000000166e-04
6.430000000000000819e-03
9.000000000000000567e-05
5.520000000000000601e-03
1.647000000000000200e-02
5.050000000000000669e-03
1.300000000000000157e-04
1.880000000000000161e-03
1.000000000000000048e-04
4.840000000000000552e-03
4.000000000000000192e-04
5.780000000000000415e-03
4.400000000000000157e-04
2.200000000000000133e-03
3.030000000000000141e-03
5.600000000000000594e-04
4.750000000000000749e-03
1.180000000000000059e-03
1.957000000000000059e-02
9.200000000000000278e-04
2.070000000000000225e-03
1.103000000000000161e-02
1.300000000000000157e-04
1.053000000000000116e-02
3.000000000000000279e-04
1.938000000000000139e-02
1.850000000000000082e-03
1.248000000000000151e-02
5.000000000000000104e-04
1.100000000000000039e-04
2.000000000000000096e-04
3.850000000000000124e-03
1.800000000000000113e-04
3.340000000000000087e-03
1.600000000000000131e-04
2.700000000000000035e-04
1.960000000000000370e-03
2.100000000000000304e-03
1.485000000000000035e-02
1.052000000000000157e-02
9.000000000000000567e-05
1.000000000000000021e-03
5.800000000000000034e-04
1.053000000000000116e-02
6.199999999999999999e-04
3.150000000000000456e-03
3.650000000000000466e-03
3.550000000000000204e-03
3.530000000000000152e-03
5.570000000000000298e-03
7.800000000000000943e-04
5.610000000000000403e-03
1.600000000000000131e-04
2.500000000000000052e-03
4.460000000000000422e-03
1.100000000000000066e-03
9.200000000000000278e-04
5.450000000000000851e-03
5.220000000000000681e-03
3.099999999999999999e-04
2.700000000000000035e-04
5.300000000000000024e-03
1.200000000000000166e-04
2.700000000000000035e-04
2.150000000000000001e-03
6.700000000000000226e-04
3.300000000000000524e-04
3.700000000000000489e-04
1.380000000000000150e-03
6.100000000000000821e-04
5.100000000000000366e-04
1.790000000000000141e-03
1.390000000000000176e-03
1.820000000000000220e-03
2.400000000000000332e-04
2.600000000000000314e-03
5.000000000000000104e-04
3.040000000000000167e-03
3.099999999999999999e-04
9.600000000000001327e-04
1.069999999999999988e-03
3.150000000000000456e-03
3.400000000000000244e-04
1.671000000000000263e-02
2.500000000000000052e-04
1.930000000000000075e-03
3.800000000000000209e-04
1.175000000000000176e-02
1.000000000000000048e-04
4.770000000000000802e-03
7.300000000000000716e-04
2.740000000000000248e-03
3.302000000000000074e-02
1.838000000000000050e-02
6.100000000000000821e-04
2.900000000000000017e-04
7.460000000000000485e-03
2.248000000000000345e-02
3.250000000000000284e-03
2.978000000000000091e-02
4.000000000000000192e-04
1.510000000000000057e-03
1.110000000000000092e-03
6.370000000000000662e-03
6.700000000000000226e-04
7.760000000000000404e-03
1.420000000000000038e-03
2.824000000000000121e-02
3.872000000000000441e-02
1.316000000000000156e-02
3.000000000000000279e-04
1.002000000000000113e-02
1.979999999999999989e-03
7.100000000000000408e-03
4.300000000000000436e-04
2.840000000000000076e-03
2.600000000000000314e-03
6.600000000000001048e-04
5.600000000000000594e-04
8.300000000000001170e-04
5.000000000000000104e-04
6.199999999999999999e-04
3.120000000000000377e-03
2.160000000000000028e-03
1.660000000000000234e-03
1.587000000000000216e-02
7.000000000000000742e-05
6.840000000000000593e-03
5.300000000000000891e-04
3.570000000000000256e-03
3.620000000000000388e-03
3.670000000000000085e-03
4.480000000000000475e-03
3.230000000000000232e-03
3.200000000000000262e-04
2.940000000000000339e-03
7.300000000000000716e-04
3.150000000000000456e-03
4.100000000000000454e-04
2.139999999999999975e-03
3.200000000000000262e-04
2.050000000000000173e-03
3.500000000000000507e-04
1.860000000000000108e-03
1.560000000000000189e-03
7.400000000000000978e-04
9.000000000000000567e-05
1.840000000000000056e-03
1.760000000000000063e-03
8.000000000000000167e-03
2.500000000000000052e-04
2.378000000000000252e-02
1.700000000000000122e-04
1.248000000000000151e-02
1.320000000000000210e-03
2.110000000000000330e-03
6.260000000000000807e-03
1.066000000000000107e-02
2.130000000000000383e-03
1.542000000000000141e-02
1.300000000000000157e-04
3.780000000000000374e-03
2.400000000000000332e-04
6.620000000000000884e-03
2.275000000000000286e-02
2.900000000000000234e-03
6.199999999999999999e-04
7.900000000000000772e-03
1.704000000000000306e-02
8.850000000000000228e-03
7.200000000000000453e-04
3.700000000000000511e-02
4.000000000000000192e-04
5.250000000000000326e-03
3.420000000000000297e-03
6.820000000000000541e-03
3.400000000000000244e-04
7.500000000000000590e-03
2.100000000000000087e-04
8.170000000000000179e-03
1.600000000000000131e-04
3.900000000000000255e-03
2.020000000000000094e-03
2.090000000000000278e-03
5.800000000000000034e-04
2.000000000000000096e-04
6.060000000000000282e-03
1.643999999999999975e-02
8.070000000000000784e-03
1.600000000000000077e-03
4.400000000000000157e-04
1.260000000000000052e-03
1.850000000000000082e-03
2.984000000000000194e-02
7.800000000000000943e-04
1.260000000000000052e-03
7.510000000000000182e-03
2.490000000000000026e-03
1.470000000000000126e-02
1.390000000000000176e-03
2.300000000000000070e-04
6.000000000000000830e-05
2.790000000000000379e-03
3.060000000000000220e-03
3.180000000000000101e-03
2.600000000000000314e-04
2.211000000000000118e-02
1.770000000000000089e-03
3.400000000000000244e-04
5.060000000000000261e-03
2.800000000000000297e-04
9.200000000000000278e-04
1.500000000000000140e-04
6.110000000000000847e-03
6.800000000000000488e-04
1.380000000000000150e-03
1.530000000000000110e-03
4.740000000000000289e-03
1.700000000000000122e-04
1.511000000000000190e-02
