1.403000000000000080e-02
8.200000000000000908e-04
2.500000000000000052e-04
3.550000000000000204e-03
2.010000000000000068e-03
1.400000000000000148e-04
1.730000000000000201e-03
4.702000000000000624e-02
1.000000000000000082e-05
1.000000000000000082e-05
1.000000000000000082e-05
1.795000000000000068e-02
7.600000000000000418e-04
2.940000000000000339e-03
9.239999999999999949e-03
1.140000000000000171e-03
8.660000000000001030e-03
1.700000000000000122e-04
6.530000000000000214e-03
4.500000000000000419e-04
6.500000000000000786e-04
3.600000000000000227e-04
1.545000000000000193e-02
6.720000000000000279e-03
2.300000000000000070e-04
4.300000000000000436e-04
8.710000000000000728e-03
5.300000000000000891e-04
1.400000000000000148e-04
6.970000000000000501e-03
3.099999999999999999e-04
4.400000000000000157e-04
6.000000000000000559e-04
1.240000000000000000e-03
2.309999999999999987e-03
8.510000000000000203e-03
2.600000000000000314e-04
1.487000000000000127e-02
2.300000000000000070e-04
4.870000000000000197e-03
1.875000000000000278e-02
8.800000000000000313e-04
6.600000000000001048e-04
5.400000000000000069e-04
6.400000000000000524e-04
4.895000000000000739e-02
3.190000000000000127e-03
4.100000000000000454e-04
2.860000000000000129e-03
3.800000000000000426e-03
7.530000000000000235e-03
3.400000000000000244e-04
1.217000000000000026e-02
4.800000000000000664e-04
5.710000000000000665e-03
1.280000000000000105e-03
2.330000000000000040e-03
2.800000000000000297e-04
3.550000000000000204e-03
9.100000000000001100e-04
3.300000000000000524e-04
1.100000000000000039e-04
2.493000000000000077e-02
2.470000000000000407e-03
9.360000000000000264e-03
7.030000000000000658e-03
3.500000000000000073e-03
1.790000000000000141e-03
8.660000000000001030e-03
3.190000000000000127e-03
1.320000000000000210e-03
1.160000000000000007e-03
1.384000000000000161e-02
2.070000000000000225e-03
2.180000000000000080e-03
2.300000000000000070e-04
1.320000000000000210e-03
3.000000000000000279e-04
2.880000000000000181e-03
1.160000000000000007e-03
1.290000000000000131e-03
2.400000000000000332e-04
2.730000000000000222e-03
4.080000000000000293e-03
7.560000000000000747e-03
2.710000000000000169e-03
7.520000000000000642e-03
8.230000000000001203e-03
9.770000000000000906e-03
2.700000000000000035e-04
9.360000000000000264e-03
7.300000000000000716e-04
2.750000000000000274e-03
3.400000000000000244e-04
2.400000000000000223e-03
1.042000000000000044e-02
2.180000000000000080e-03
2.855000000000000246e-02
1.100000000000000110e-02
2.660000000000000038e-03
1.357000000000000046e-02
7.220000000000000723e-03
2.050000000000000173e-03
4.800000000000000664e-04
6.800000000000000488e-04
3.500000000000000507e-04
6.400000000000000524e-04
1.700000000000000122e-04
7.130000000000000920e-03
5.100000000000000366e-04
4.730000000000000697e-03
1.080000000000000014e-03
2.240000000000000237e-03
8.360000000000001111e-03
5.800000000000000034e-04
2.640000000000000419e-03
4.800000000000000664e-04
8.480000000000001426e-03
7.500000000000000156e-04
9.000000000000000838e-04
5.490000000000000088e-03
1.544000000000000060e-02
1.218000000000000159e-02
2.100000000000000087e-04
2.700000000000000035e-04
1.670000000000000043e-03
9.870000000000000301e-03
1.040000000000000126e-03
2.790000000000000379e-03
1.240000000000000000e-03
7.240000000000000775e-03
3.710000000000000190e-03
1.780000000000000115e-03
1.300000000000000157e-04
7.340000000000000170e-03
9.000000000000000567e-05
5.790000000000000875e-03
2.900000000000000017e-04
2.715000000000000052e-02
8.080000000000000376e-03
4.090000000000000753e-03
2.320000000000000014e-03
3.130000000000000403e-03
8.460000000000000506e-03
1.017000000000000022e-02
3.200000000000000262e-04
1.920000000000000265e-03
5.330000000000000536e-03
3.640000000000000440e-03
7.900000000000000121e-04
1.330000000000000019e-03
5.300000000000000024e-03
5.490000000000000088e-03
8.000000000000000654e-05
3.000000000000000279e-04
4.270000000000000358e-03
1.708000000000000143e-02
1.250000000000000026e-03
6.600000000000001048e-04
2.530000000000000131e-03
4.820000000000000499e-03
6.000000000000000830e-05
6.690000000000000634e-03
2.500000000000000052e-04
7.640000000000000957e-03
4.400000000000000157e-04
2.021000000000000227e-02
4.000000000000000327e-05
2.350000000000000092e-03
6.800000000000000488e-04
8.000000000000000167e-03
2.500000000000000052e-04
9.020000000000000240e-03
9.700000000000000505e-04
1.360000000000000098e-03
1.260000000000000052e-03
4.150000000000000043e-03
1.140000000000000171e-03
1.303000000000000165e-02
8.500000000000000611e-04
8.250000000000000389e-03
3.900000000000000471e-04
2.200000000000000078e-04
6.400000000000000524e-04
1.770000000000000089e-03
5.300000000000000891e-04
2.600000000000000314e-04
2.400000000000000223e-03
2.740000000000000248e-03
1.100000000000000039e-04
6.400000000000000524e-04
6.960000000000000908e-03
1.632000000000000117e-02
1.420000000000000038e-03
7.740000000000000352e-03
3.880000000000000202e-03
7.690000000000000654e-03
4.000000000000000327e-05
8.710000000000000728e-03
2.372000000000000150e-02
2.870000000000000155e-03
4.300000000000000436e-04
2.100000000000000087e-04
1.340000000000000045e-03
5.300000000000000024e-03
3.210000000000000180e-03
6.199999999999999999e-04
2.900000000000000017e-04
3.700000000000000164e-03
6.350000000000000609e-03
6.870000000000000238e-03
9.400000000000000803e-04
1.400000000000000203e-03
2.200000000000000078e-04
5.200000000000000629e-04
2.670000000000000064e-03
9.190000000000000252e-03
1.600000000000000131e-04
4.680000000000000132e-03
4.500000000000000419e-04
2.180000000000000080e-03
7.500000000000000156e-04
9.300000000000000974e-03
1.770000000000000089e-03
4.129999999999999991e-03
2.050000000000000173e-03
2.620000000000000367e-03
1.002000000000000113e-02
7.260000000000000828e-03
2.500000000000000052e-04
5.990000000000000532e-03
2.570000000000000236e-03
8.910000000000001252e-03
1.410000000000000012e-03
9.500000000000001065e-04
2.200000000000000078e-04
4.959999999999999999e-03
2.610000000000000341e-03
2.940000000000000339e-03
2.500000000000000052e-04
3.300000000000000524e-04
4.060000000000000241e-03
1.826000000000000192e-02
9.630000000000001406e-03
1.960000000000000370e-03
5.130000000000000011e-03
2.500000000000000052e-03
3.490000000000000480e-03
4.000000000000000327e-05
1.000000000000000082e-05
2.000000000000000164e-05
1.510000000000000057e-03
4.700000000000000401e-04
7.090000000000000815e-03
5.080000000000000314e-03
1.700000000000000122e-04
5.930000000000000375e-03
1.290000000000000131e-03
1.170000000000000033e-03
4.200000000000000174e-04
5.290000000000000431e-03
1.430000000000000195e-02
1.140000000000000041e-02
6.700000000000000226e-04
4.850000000000000144e-03
1.080000000000000014e-03
9.670000000000001511e-03
1.700000000000000122e-04
3.970000000000000438e-03
1.160000000000000007e-03
5.300000000000000891e-04
6.600000000000001048e-04
1.710000000000000148e-03
2.100000000000000087e-04
1.388000000000000171e-02
2.281000000000000041e-02
2.952000000000000110e-02
1.280000000000000105e-03
9.320000000000000159e-03
2.420000000000000276e-03
3.200000000000000262e-04
4.800000000000000664e-04
5.620000000000000863e-03
3.900000000000000471e-04
3.100000000000000325e-03
4.000000000000000192e-04
7.300000000000000716e-04
1.210000000000000138e-03
8.760000000000000425e-03
1.060000000000000178e-03
1.366000000000000027e-02
1.900000000000000105e-04
5.660000000000000100e-03
2.000000000000000096e-04
1.090000000000000040e-03
4.000000000000000192e-04
8.700000000000001135e-03
6.300000000000000261e-04
1.690000000000000096e-03
9.790000000000000091e-03
7.879999999999999852e-03
3.530000000000000152e-03
2.410000000000000250e-03
1.300000000000000157e-04
3.950000000000000386e-03
1.470000000000000169e-03
1.850000000000000082e-03
3.540000000000000178e-03
2.070000000000000225e-03
3.167999999999999983e-02
1.310000000000000183e-03
5.000000000000000104e-04
5.420000000000000338e-03
2.060000000000000199e-03
6.100000000000000821e-04
4.600000000000000139e-04
5.700000000000000856e-04
1.560000000000000189e-03
1.130000000000000145e-03
4.400000000000000157e-04
3.260000000000000311e-03
3.823000000000000009e-02
6.260000000000000807e-03
1.100000000000000066e-03
4.300000000000000436e-04
3.110000000000000351e-03
1.830000000000000246e-03
8.080000000000000376e-03
8.600000000000000873e-04
7.200000000000000453e-04
3.700000000000000489e-04
1.500000000000000140e-04
2.840000000000000076e-03
1.580000000000000024e-03
1.880000000000000161e-03
2.100000000000000087e-04
6.500000000000000786e-04
1.310000000000000183e-03
1.860000000000000108e-03
2.674000000000000335e-02
3.430000000000000323e-03
7.800000000000000943e-04
7.400000000000000978e-04
8.200000000000000908e-04
6.190000000000000190e-03
1.880000000000000161e-03
9.600000000000001327e-04
4.920000000000000762e-03
8.540000000000000716e-03
1.260000000000000052e-03
9.640000000000000999e-03
2.190000000000000106e-03
4.030000000000000596e-03
1.069999999999999988e-03
5.260000000000000786e-03
1.310000000000000183e-03
7.400000000000000978e-04
1.660000000000000234e-03
2.179000000000000034e-02
1.700000000000000122e-03
4.800000000000000664e-04
2.970000000000000417e-03
1.270000000000000078e-03
4.000000000000000192e-04
3.850000000000000124e-03
4.400000000000000157e-04
1.830000000000000246e-03
2.390000000000000197e-03
5.580000000000000758e-03
1.360000000000000098e-03
1.350000000000000071e-03
7.000000000000001013e-04
1.091000000000000129e-02
2.710000000000000169e-03
1.310000000000000183e-03
1.800000000000000113e-04
6.290000000000000452e-03
9.000000000000000838e-04
2.309999999999999987e-03
5.900000000000000296e-04
8.070000000000000784e-03
9.500000000000001065e-04
9.680000000000001104e-03
1.470000000000000169e-03
9.010000000000000647e-03
1.530000000000000110e-03
3.620000000000000388e-03
2.250000000000000264e-03
2.550000000000000183e-03
5.500000000000000331e-04
9.630000000000001406e-03
4.700000000000000401e-04
3.880000000000000202e-03
1.200000000000000166e-04
1.288000000000000082e-02
5.700000000000000856e-04
8.300000000000001170e-04
2.200000000000000078e-04
5.130000000000000011e-03
4.800000000000000664e-04
6.620000000000000884e-03
6.600000000000001048e-04
3.310000000000000442e-03
1.530000000000000110e-03
2.590000000000000288e-03
6.980000000000000961e-03
1.123000000000000040e-02
8.600000000000000873e-04
6.320000000000000097e-03
4.000000000000000192e-04
2.058000000000000107e-02
3.400000000000000244e-03
4.590000000000000330e-03
2.150000000000000001e-03
1.969999999999999963e-03
3.090000000000000299e-03
2.050000000000000173e-03
8.400000000000000348e-04
7.820000000000000562e-03
2.400000000000000223e-03
4.100000000000000454e-04
1.830000000000000246e-03
4.100000000000000454e-04
5.140000000000000471e-03
9.610000000000000486e-03
4.660000000000000080e-03
6.300000000000000261e-04
1.900000000000000105e-04
7.650000000000000550e-03
2.539000000000000284e-02
1.950000000000000127e-03
4.090000000000000753e-03
3.900000000000000471e-04
