6.590000000000000371e-03
1.900000000000000105e-04
4.500000000000000419e-04
1.600000000000000131e-04
1.560000000000000189e-03
3.550000000000000204e-03
2.580000000000000262e-03
1.000000000000000082e-05
3.150000000000000456e-03
7.400000000000000978e-04
1.436000000000000124e-02
9.500000000000001065e-04
3.520000000000000125e-03
2.070000000000000225e-03
1.036000000000000115e-02
7.600000000000000418e-04
6.950000000000000448e-03
1.790000000000000141e-03
3.390000000000000218e-03
6.500000000000000569e-03
1.930000000000000075e-03
2.500000000000000052e-04
5.600000000000000810e-03
3.911000000000000587e-02
1.348000000000000066e-02
3.800000000000000209e-04
1.400000000000000203e-03
4.364000000000000518e-02
6.860000000000000646e-03
3.660000000000000493e-03
6.800000000000000488e-03
3.800000000000000209e-04
8.400000000000000348e-04
9.700000000000000505e-04
2.120000000000000009e-02
2.300000000000000070e-04
8.860000000000001555e-03
2.160000000000000028e-03
2.880000000000000181e-03
9.500000000000001065e-04
1.520000000000000084e-03
2.120000000000000356e-03
4.240000000000000713e-03
2.600000000000000314e-04
2.530000000000000131e-03
1.530000000000000110e-03
6.300000000000000261e-04
7.900000000000000121e-04
4.520000000000000580e-03
7.400000000000000978e-04
3.030000000000000141e-03
1.400000000000000148e-04
1.300000000000000157e-04
5.580000000000000758e-03
5.960000000000000887e-03
4.800000000000000664e-04
2.000000000000000096e-04
1.024800000000000016e-01
1.300000000000000114e-02
2.730000000000000222e-03
9.790000000000000091e-03
1.570000000000000215e-03
5.030000000000000616e-03
7.581000000000000238e-02
1.390000000000000176e-03
1.280000000000000105e-03
1.050000000000000065e-02
3.200000000000000262e-04
3.100000000000000325e-03
1.400000000000000148e-04
5.180000000000000576e-03
7.400000000000000978e-04
2.510000000000000078e-03
2.500000000000000052e-04
1.580000000000000024e-03
1.700000000000000122e-04
2.410000000000000250e-03
9.000000000000000567e-05
1.368000000000000119e-02
1.710000000000000148e-03
2.100000000000000087e-04
3.400000000000000244e-04
7.450000000000000892e-03
4.300000000000000436e-04
2.960000000000000391e-03
4.400000000000000157e-04
1.820000000000000220e-03
8.700000000000001135e-04
2.330000000000000040e-03
4.800000000000000664e-04
5.990000000000000532e-03
2.100000000000000087e-04
6.060000000000000282e-03
1.250000000000000026e-03
9.520000000000000684e-03
3.000000000000000279e-04
1.180000000000000146e-02
3.090000000000000299e-03
5.700000000000000856e-04
2.900000000000000017e-04
2.960000000000000391e-03
2.900000000000000017e-04
2.440000000000000328e-03
2.270000000000000316e-03
1.640000000000000182e-03
6.900000000000000751e-04
4.560000000000000685e-03
1.060000000000000178e-03
2.309999999999999987e-03
1.170000000000000033e-03
9.000000000000001055e-03
4.180000000000000555e-03
1.650000000000000208e-03
1.500000000000000140e-04
2.040000000000000147e-03
1.000000000000000082e-05
1.330000000000000019e-03
3.730000000000000242e-03
3.060000000000000220e-03
8.200000000000000908e-04
2.460000000000000381e-03
1.000000000000000082e-05
2.130000000000000383e-03
3.020000000000000115e-03
5.560000000000000706e-03
8.000000000000000654e-05
1.191000000000000045e-02
2.700000000000000035e-04
1.640000000000000182e-03
5.500000000000000548e-03
1.400000000000000203e-03
7.900000000000000121e-04
6.199999999999999999e-04
5.100000000000000366e-04
3.099000000000000365e-02
2.700000000000000035e-04
1.360000000000000098e-03
6.090000000000000795e-03
4.600000000000000139e-04
8.290000000000000493e-03
1.533000000000000161e-02
8.500000000000000611e-04
1.450000000000000117e-03
5.000000000000000104e-04
1.920000000000000265e-03
1.400000000000000148e-04
6.200000000000000649e-03
3.400000000000000244e-04
3.175000000000000044e-02
1.490000000000000222e-03
1.520000000000000084e-03
6.800000000000000488e-04
3.140000000000000430e-03
2.100000000000000087e-04
2.090000000000000278e-03
6.550000000000000266e-03
1.210000000000000138e-03
2.300000000000000070e-04
2.160000000000000028e-03
2.020000000000000094e-03
4.640000000000000027e-03
3.300000000000000524e-04
5.870000000000000218e-03
1.600000000000000131e-04
3.800000000000000209e-04
1.490000000000000222e-03
2.100000000000000087e-04
1.230000000000000190e-03
1.979999999999999989e-03
1.000000000000000082e-05
1.000000000000000082e-05
1.000000000000000082e-05
3.640000000000000440e-03
1.600000000000000131e-04
5.100000000000000366e-04
5.200000000000000629e-04
2.850000000000000103e-03
6.900000000000000751e-04
1.810000000000000194e-03
8.200000000000000908e-04
8.740000000000001240e-03
5.200000000000000629e-04
2.022000000000000186e-02
2.900000000000000017e-04
7.690000000000000654e-03
5.500000000000000331e-04
3.280000000000000363e-03
9.800000000000001852e-04
3.959999999999999978e-03
2.800000000000000405e-03
4.800000000000000447e-03
2.010000000000000068e-03
6.940000000000000856e-03
8.200000000000000691e-03
1.140000000000000171e-03
3.360000000000000139e-03
9.660000000000000184e-03
1.200000000000000166e-04
1.201000000000000158e-02
1.820000000000000220e-03
2.030000000000000120e-03
3.930000000000000333e-03
9.200000000000000278e-04
5.060000000000000261e-03
1.031000000000000145e-02
3.500000000000000507e-04
1.890000000000000187e-03
1.800000000000000113e-04
1.740000000000000227e-03
4.840000000000000552e-03
1.480000000000000196e-03
1.240000000000000000e-03
4.270000000000000358e-03
2.080000000000000251e-03
1.460000000000000143e-03
1.150000000000000197e-03
1.057000000000000127e-02
7.000000000000001013e-04
4.789999999999999987e-03
1.200000000000000112e-03
1.121000000000000121e-02
2.640000000000000419e-03
2.990000000000000036e-03
4.200000000000000608e-03
7.850000000000001074e-03
6.100000000000000821e-04
7.000000000000001013e-04
5.160000000000000524e-03
3.450000000000000375e-03
1.405800000000000105e-01
5.730000000000000718e-03
1.270000000000000078e-03
1.900000000000000213e-03
5.800000000000000034e-04
6.199999999999999999e-04
6.400000000000000524e-04
3.400000000000000244e-03
3.120000000000000377e-03
2.920000000000000286e-03
2.960000000000000391e-03
3.420000000000000297e-03
4.600000000000000139e-04
2.910000000000000260e-03
4.000000000000000327e-05
4.430000000000000777e-03
4.200000000000000174e-04
7.020000000000000198e-03
8.200000000000000908e-04
2.410000000000000250e-03
5.500000000000000331e-04
1.730000000000000201e-03
3.900000000000000471e-04
9.790000000000000091e-03
3.099999999999999999e-04
4.619999999999999975e-03
3.600000000000000227e-04
8.610000000000001333e-03
4.000000000000000327e-05
6.100000000000000821e-04
1.930000000000000075e-03
2.850000000000000103e-03
3.400000000000000244e-04
1.360000000000000098e-03
8.000000000000000654e-05
3.390000000000000218e-03
1.000000000000000082e-05
3.000000000000000415e-05
1.000000000000000082e-05
1.060000000000000178e-03
2.680000000000000090e-03
1.040000000000000126e-03
5.200000000000000629e-04
1.039000000000000166e-02
7.500000000000000156e-04
2.700000000000000035e-04
3.900000000000000471e-04
3.430000000000000323e-03
4.100000000000000454e-04
2.050000000000000173e-03
1.796999999999999986e-02
3.050000000000000194e-03
1.700000000000000122e-04
1.490000000000000222e-03
5.338000000000000383e-02
3.900000000000000255e-03
4.863000000000000655e-02
1.100000000000000066e-03
1.000000000000000048e-04
2.630000000000000393e-03
7.000000000000000742e-05
7.200000000000000453e-04
2.050000000000000173e-03
1.090000000000000040e-03
1.500000000000000140e-04
1.010000000000000047e-03
1.200000000000000166e-04
1.130000000000000145e-03
5.600000000000000594e-04
7.100000000000000408e-03
1.700000000000000122e-04
1.160000000000000007e-03
3.500000000000000507e-04
7.190000000000000210e-03
1.200000000000000166e-04
2.130000000000000383e-03
4.500000000000000419e-04
5.700000000000000856e-04
1.700000000000000122e-04
1.189000000000000126e-02
5.200000000000000629e-04
6.000000000000000559e-04
1.000000000000000082e-05
7.740000000000000352e-03
1.600000000000000131e-04
3.450000000000000375e-03
1.880000000000000161e-03
2.000000000000000096e-04
1.730000000000000201e-03
8.500000000000000611e-04
2.000000000000000096e-04
7.860000000000000667e-03
3.500000000000000507e-04
8.060000000000001191e-03
1.270000000000000078e-03
8.600000000000000873e-04
1.110000000000000092e-03
1.090000000000000170e-02
2.720000000000000195e-03
2.680000000000000090e-03
1.620000000000000129e-03
1.056000000000000168e-02
1.830000000000000246e-03
1.150000000000000197e-03
5.700000000000000856e-04
2.650000000000000012e-03
7.100000000000000191e-04
5.740000000000000310e-03
2.680000000000000090e-03
7.700000000000000681e-04
3.280000000000000363e-03
6.910000000000000343e-03
8.140000000000001401e-03
2.550000000000000183e-03
8.000000000000000383e-04
6.460000000000000464e-03
2.200000000000000078e-04
9.850000000000001116e-03
1.717000000000000123e-02
9.800000000000001852e-04
5.300000000000000891e-04
1.440000000000000091e-03
5.000000000000000104e-04
5.300000000000000891e-04
1.370000000000000124e-03
7.300000000000000716e-04
6.500000000000000786e-04
5.680000000000000153e-03
3.770000000000000347e-03
3.270000000000000337e-03
1.100000000000000039e-04
6.100000000000000821e-04
3.099999999999999999e-04
8.480000000000001426e-03
5.310000000000000484e-03
1.570000000000000215e-03
3.315000000000000585e-02
2.000000000000000096e-04
1.154000000000000165e-02
7.600000000000000418e-04
7.200000000000000453e-04
8.890000000000000333e-03
1.800000000000000168e-03
6.010000000000000585e-03
4.300000000000000436e-04
1.820000000000000220e-03
2.600000000000000314e-04
2.540000000000000157e-03
1.700000000000000122e-04
1.090000000000000040e-03
1.000000000000000048e-04
4.300000000000000436e-04
7.590000000000000392e-03
4.300000000000000436e-04
5.900000000000000296e-04
2.470000000000000407e-03
2.700000000000000035e-04
1.520000000000000084e-03
2.200000000000000078e-04
1.300000000000000114e-02
4.200000000000000174e-04
3.870000000000000176e-03
4.500000000000000419e-04
1.360000000000000098e-03
3.000000000000000279e-04
8.100000000000000646e-04
9.100000000000001100e-04
2.920000000000000286e-03
2.100000000000000087e-04
3.800000000000000426e-03
6.240000000000000754e-03
4.360000000000000160e-03
1.200000000000000166e-04
4.400000000000000157e-04
6.199999999999999999e-04
5.180000000000000576e-03
7.000000000000000742e-05
5.500000000000000331e-04
1.170000000000000033e-03
2.139999999999999975e-03
2.980000000000000444e-03
3.240000000000000258e-03
1.380000000000000150e-03
1.046000000000000055e-02
1.240000000000000000e-03
4.550000000000000225e-03
8.100000000000000646e-04
6.420000000000000359e-03
6.660000000000000121e-03
4.660000000000000080e-03
3.300000000000000524e-04
5.480000000000000496e-03
1.600000000000000131e-04
3.280000000000000363e-03
1.590000000000000050e-03
1.312000000000000145e-02
2.340000000000000066e-03
4.880000000000000657e-03
1.300000000000000157e-04
4.690000000000000592e-03
3.400000000000000244e-04
7.230000000000000315e-03
4.760000000000000342e-03
1.270000000000000122e-02
3.210000000000000180e-03
2.790000000000000379e-03
3.400000000000000244e-04
3.200000000000000262e-04
6.600000000000001048e-04
5.770000000000000823e-03
5.410000000000000746e-03
6.550000000000000266e-03
6.600000000000001048e-04
4.250000000000000305e-03
6.400000000000000524e-04
1.820000000000000220e-03
3.300000000000000524e-04
3.000000000000000279e-04
1.600000000000000131e-04
1.000000000000000082e-05
1.000000000000000082e-05
1.200000000000000166e-04
4.440000000000000370e-03
2.200000000000000078e-04
2.900000000000000017e-04
5.870000000000000218e-03
3.300000000000000524e-04
5.950000000000000427e-03
7.300000000000000716e-04
8.670000000000000623e-03
2.476000000000000076e-02
3.620000000000000388e-03
9.100000000000001100e-04
2.825000000000000080e-02
7.100000000000000191e-04
9.130000000000000962e-03
1.280000000000000105e-03
2.130000000000000383e-03
2.120000000000000356e-03
9.650000000000000591e-03
2.300000000000000070e-04
2.070000000000000225e-03
1.860000000000000108e-03
2.760000000000000300e-03
2.900000000000000017e-04
1.020000000000000073e-03
8.210000000000000284e-03
2.240000000000000237e-03
6.199999999999999999e-04
7.350000000000000630e-03
5.100000000000000366e-04
4.600000000000000790e-03
3.500000000000000507e-04
1.860000000000000108e-03
3.000000000000000415e-05
1.000000000000000082e-05
1.000000000000000082e-05
1.000000000000000082e-05
1.000000000000000082e-05
7.200000000000000453e-04
2.200000000000000078e-04
4.120000000000000398e-03
2.890000000000000208e-03
1.000000000000000021e-02
1.500000000000000140e-04
1.400000000000000203e-03
2.700000000000000035e-04
1.860000000000000108e-03
6.540000000000000674e-03
1.424000000000000092e-02
1.480000000000000196e-03
5.230000000000000274e-03
4.200000000000000608e-03
9.800000000000001852e-04
1.085000000000000027e-02
6.490000000000000109e-03
1.210000000000000138e-03
2.410000000000000250e-03
2.900000000000000017e-04
7.200000000000000453e-04
6.199999999999999999e-04
1.500000000000000140e-04
2.050000000000000173e-03
9.190000000000000252e-03
5.070000000000000721e-03
4.710000000000000644e-03
9.850000000000001116e-03
8.870000000000001147e-03
1.040000000000000126e-03
3.020000000000000115e-03
2.223000000000000323e-02
3.780000000000000374e-03
5.700000000000000856e-04
7.500000000000000590e-03
1.200000000000000112e-03
3.150000000000000456e-03
1.360000000000000098e-03
1.310000000000000183e-03
1.600000000000000131e-04
1.150000000000000197e-03
1.900000000000000105e-04
3.220000000000000206e-03
5.900000000000000296e-04
1.130000000000000145e-03
3.200000000000000262e-04
3.298000000000000237e-02
9.000000000000000567e-05
2.760000000000000300e-03
1.000000000000000082e-05
1.000000000000000082e-05
7.000000000000000742e-05
1.000000000000000082e-05
1.000000000000000082e-05
1.466000000000000116e-02
5.700000000000000856e-04
3.320000000000000468e-03
2.348000000000000087e-02
1.050000000000000152e-03
1.400000000000000148e-04
2.288000000000000103e-02
1.460000000000000143e-03
6.600000000000001048e-04
1.914000000000000076e-02
3.900000000000000471e-04
5.300000000000000891e-04
2.760000000000000300e-03
4.300000000000000436e-04
3.820000000000000479e-03
2.500000000000000052e-04
7.700000000000000681e-04
7.100000000000000191e-04
2.100000000000000087e-04
2.500000000000000052e-04
1.452000000000000166e-02
3.500000000000000507e-04
6.520000000000000621e-03
2.300000000000000070e-04
3.600000000000000335e-03
5.100000000000000366e-04
2.570000000000000062e-02
1.270000000000000078e-03
6.220000000000000702e-03
4.300000000000000436e-04
1.187000000000000034e-02
6.400000000000000524e-04
2.840000000000000076e-03
2.100000000000000304e-03
7.890000000000001179e-03
