7.130000000000000920e-03
2.760000000000000300e-03
2.550000000000000183e-03
5.600000000000000594e-04
6.600000000000001048e-04
2.710000000000000169e-03
1.500000000000000031e-03
7.100000000000000191e-04
5.510000000000000141e-03
1.280000000000000105e-03
1.440000000000000091e-03
1.000000000000000082e-05
4.930000000000000354e-03
1.270000000000000078e-03
3.190000000000000127e-03
1.887000000000000136e-02
4.220000000000000660e-03
2.900000000000000017e-04
1.400000000000000148e-04
5.050000000000000669e-03
1.840000000000000056e-03
2.450000000000000355e-03
5.300000000000000891e-04
4.459000000000000463e-02
1.535000000000000080e-02
9.000000000000000567e-05
2.520000000000000104e-03
3.780000000000000374e-03
1.095000000000000140e-02
1.400000000000000203e-03
1.581000000000000114e-02
4.300000000000000436e-04
8.700000000000001135e-04
2.100000000000000087e-04
3.130000000000000403e-03
5.500000000000000331e-04
5.600000000000000810e-03
2.500000000000000052e-04
9.700000000000000505e-04
1.280000000000000105e-03
7.510000000000000182e-03
1.230000000000000190e-03
1.006000000000000123e-02
2.100000000000000087e-04
2.030000000000000120e-03
6.600000000000001048e-04
1.650000000000000208e-03
1.030000000000000100e-03
1.270000000000000078e-03
2.750000000000000274e-03
1.120000000000000119e-03
4.560000000000000685e-03
1.440000000000000091e-03
9.100000000000001100e-04
4.350000000000000568e-03
4.100000000000000454e-04
8.800000000000000313e-04
4.500000000000000419e-04
1.412000000000000061e-02
1.800000000000000113e-04
2.330000000000000040e-03
7.000000000000000742e-05
2.970000000000000417e-03
3.500000000000000507e-04
1.065000000000000148e-02
5.500000000000000331e-04
7.150000000000000973e-03
1.040000000000000126e-03
3.740000000000000269e-03
1.900000000000000105e-04
3.830000000000000505e-03
2.090000000000000278e-03
3.700000000000000489e-04
2.900000000000000017e-04
9.500000000000001065e-04
2.620000000000000367e-03
7.990000000000000574e-03
2.580000000000000262e-03
7.130000000000000920e-03
3.700000000000000489e-04
8.900000000000000576e-04
3.099999999999999999e-04
4.060000000000000241e-03
6.199999999999999999e-04
2.700000000000000035e-04
1.570000000000000215e-03
6.290000000000000452e-03
3.099999999999999999e-04
3.380000000000000192e-03
6.199999999999999999e-04
5.010000000000000564e-03
2.100000000000000304e-03
5.810000000000000060e-03
1.819000000000000131e-02
1.258000000000000090e-02
7.598000000000000587e-02
3.500000000000000507e-04
2.700000000000000035e-04
1.470000000000000169e-03
2.800000000000000297e-04
3.170000000000000075e-03
3.500000000000000507e-04
5.100000000000000366e-04
7.510000000000000182e-03
1.210000000000000138e-03
3.500000000000000507e-04
2.200000000000000078e-04
6.800000000000000488e-04
1.580000000000000024e-03
4.700000000000000401e-04
3.140000000000000430e-03
2.500000000000000052e-04
2.770000000000000327e-03
1.900000000000000105e-04
1.124000000000000173e-02
6.800000000000000488e-04
3.170000000000000075e-03
5.400000000000000069e-04
5.880000000000000678e-03
2.900000000000000017e-04
3.640000000000000440e-03
1.940000000000000101e-03
1.090000000000000040e-03
3.200000000000000262e-04
4.240000000000000713e-03
4.700000000000000401e-04
4.370000000000000620e-03
3.540000000000000178e-03
3.500000000000000507e-04
1.352399999999999991e-01
1.710000000000000148e-03
4.600000000000000139e-04
3.130000000000000403e-03
1.241000000000000089e-02
7.000000000000001013e-04
2.400000000000000332e-04
2.590000000000000288e-03
6.310000000000000331e-02
1.880000000000000161e-03
9.400000000000000803e-04
1.550000000000000162e-03
2.700000000000000035e-04
1.620000000000000129e-03
3.640000000000000440e-03
1.540000000000000136e-03
1.090000000000000040e-03
9.300000000000000541e-04
3.250000000000000284e-03
7.350000000000000630e-03
1.369000000000000078e-02
8.600000000000000873e-04
1.003000000000000141e-01
2.100000000000000087e-04
9.200000000000000278e-04
9.000000000000000567e-05
3.900000000000000471e-04
2.800000000000000405e-03
7.700000000000000681e-04
1.100000000000000066e-03
3.300000000000000524e-04
5.600000000000000594e-04
1.129000000000000142e-02
3.000000000000000415e-05
1.000000000000000082e-05
1.000000000000000082e-05
3.482000000000000373e-02
1.280000000000000105e-03
8.300000000000001170e-04
5.560000000000000706e-03
2.700000000000000035e-04
3.610000000000000361e-03
1.800000000000000113e-04
1.140000000000000171e-03
3.800000000000000209e-04
1.150000000000000197e-03
2.700000000000000035e-04
1.830000000000000246e-03
4.122000000000000663e-02
1.380000000000000150e-03
3.400000000000000244e-04
9.000000000000000567e-05
2.300000000000000070e-04
3.400000000000000244e-04
4.640000000000000027e-03
1.769000000000000086e-02
4.600000000000000139e-04
5.500000000000000331e-04
6.700000000000000226e-04
3.820000000000000479e-03
1.700000000000000122e-04
4.200000000000000174e-04
2.400000000000000223e-03
5.590000000000000351e-03
2.200000000000000078e-04
5.710000000000000665e-03
4.600000000000000139e-04
8.800000000000000530e-03
1.080000000000000014e-03
2.630000000000000393e-03
3.040000000000000167e-03
9.290000000000001382e-03
1.010000000000000134e-02
6.000000000000000125e-03
1.410000000000000012e-03
6.250000000000000347e-03
3.990000000000000491e-03
1.140000000000000041e-02
2.100000000000000304e-03
4.080000000000000293e-03
2.490000000000000026e-03
1.830000000000000246e-03
4.300000000000000436e-04
1.032000000000000105e-02
2.030000000000000120e-03
4.560000000000000685e-03
3.700000000000000489e-04
2.720000000000000195e-03
5.100000000000000366e-04
2.370000000000000145e-03
3.870000000000000176e-03
2.309999999999999987e-03
1.540000000000000136e-03
4.310000000000000463e-03
2.290000000000000369e-03
5.100000000000000366e-03
5.800000000000000034e-04
6.590000000000000371e-03
3.600000000000000227e-04
1.100000000000000039e-04
4.800000000000000664e-04
1.450000000000000117e-03
1.608000000000000054e-02
1.620000000000000129e-03
4.300000000000000436e-04
3.680000000000000111e-03
4.200000000000000174e-04
1.840000000000000056e-03
1.620000000000000129e-03
8.000000000000000383e-04
9.100000000000001100e-04
3.660000000000000493e-03
2.980000000000000444e-03
1.187000000000000034e-02
2.800000000000000297e-04
6.800000000000000488e-03
1.010000000000000047e-03
1.350000000000000071e-03
3.400000000000000244e-04
1.310000000000000183e-03
1.300000000000000157e-04
5.070000000000000721e-03
1.500000000000000140e-04
4.440000000000000370e-03
3.190000000000000127e-03
1.690000000000000096e-03
4.070000000000000701e-03
4.150000000000000043e-03
3.900000000000000471e-04
2.690000000000000117e-03
2.300000000000000070e-04
1.000000000000000082e-05
1.000000000000000082e-05
5.800000000000000034e-04
1.160000000000000007e-03
9.520000000000000684e-03
1.280000000000000105e-03
9.800000000000001852e-04
4.100000000000000454e-04
7.700000000000000681e-04
8.200000000000000908e-04
5.800000000000000468e-03
6.100000000000000821e-04
1.200000000000000112e-03
1.050000000000000152e-03
7.770000000000000864e-03
1.050000000000000152e-03
2.100000000000000087e-04
1.319000000000000034e-02
1.100000000000000039e-04
2.349600000000000299e-01
1.068000000000000026e-02
3.170000000000000075e-03
2.070000000000000225e-03
2.900000000000000017e-04
4.730000000000000697e-03
7.000000000000001013e-04
8.400000000000000348e-04
9.500000000000001065e-04
7.950000000000000469e-03
1.480000000000000196e-03
2.350000000000000092e-03
6.100000000000000821e-04
1.915999999999999995e-02
2.300000000000000070e-04
1.170000000000000033e-03
1.940000000000000101e-03
1.840000000000000316e-02
5.500000000000000331e-04
4.120000000000000398e-03
1.319000000000000034e-02
5.280000000000000838e-03
2.510000000000000078e-03
6.200000000000000649e-03
8.400000000000000348e-04
5.610000000000000403e-03
1.490000000000000222e-03
1.540000000000000136e-03
1.000000000000000082e-05
1.000000000000000082e-05
3.000000000000000415e-05
2.030000000000000120e-03
2.000000000000000096e-04
1.025000000000000043e-02
1.858000000000000276e-02
8.440000000000001321e-03
5.400000000000000069e-04
6.080000000000000335e-03
1.100000000000000039e-04
3.790000000000000400e-03
2.560000000000000209e-03
1.750000000000000036e-03
5.330000000000000536e-03
3.540000000000000178e-03
2.570000000000000236e-03
5.350000000000000588e-03
3.010000000000000089e-03
3.200000000000000262e-04
4.600000000000000790e-03
1.420000000000000038e-03
1.476000000000000055e-02
1.048000000000000147e-02
4.800000000000000664e-04
8.490000000000001018e-03
2.309999999999999987e-03
9.000000000000000838e-04
5.400000000000000069e-04
1.600000000000000131e-04
1.610000000000000103e-03
5.840000000000000573e-03
1.050000000000000152e-03
2.990000000000000036e-03
6.640000000000000936e-03
3.140000000000000430e-03
8.000000000000000654e-05
3.500000000000000507e-04
1.600000000000000131e-04
9.340000000000001079e-03
5.400000000000000069e-04
4.100000000000000454e-04
5.300000000000000891e-04
1.420000000000000038e-03
4.200000000000000174e-04
2.690000000000000117e-03
2.200000000000000078e-04
1.350000000000000071e-03
6.000000000000000559e-04
1.550000000000000162e-03
8.300000000000001170e-04
2.130000000000000383e-03
2.810000000000000431e-03
1.650000000000000208e-03
5.870000000000000218e-03
8.200000000000000908e-04
1.500000000000000140e-04
2.350000000000000092e-03
3.500000000000000507e-04
2.640000000000000419e-03
8.600000000000000873e-04
1.049000000000000106e-02
1.880000000000000161e-03
4.000000000000000192e-04
7.370000000000000683e-03
5.760000000000000363e-03
9.000000000000000567e-05
5.460000000000000443e-03
2.900000000000000234e-03
5.300000000000000891e-04
2.110000000000000330e-03
1.339000000000000086e-02
2.870000000000000155e-03
9.600000000000001327e-04
2.010000000000000068e-03
4.610000000000000382e-03
3.200000000000000262e-04
8.970000000000000542e-03
2.570000000000000236e-03
1.979999999999999989e-03
7.146000000000000962e-02
7.890000000000001179e-03
5.200000000000000629e-04
1.740000000000000227e-03
8.000000000000000654e-05
5.480000000000000496e-03
1.770000000000000046e-02
9.680000000000001104e-03
1.450000000000000117e-03
1.320000000000000210e-03
1.017000000000000022e-02
4.500000000000000419e-04
2.700000000000000035e-04
2.130000000000000383e-03
6.500000000000000786e-04
5.750000000000000770e-03
1.503000000000000169e-02
1.060000000000000178e-03
5.426000000000000267e-02
1.330000000000000019e-03
1.720000000000000175e-03
1.274000000000000132e-02
2.070000000000000225e-03
4.770000000000000802e-03
1.068000000000000026e-02
3.820000000000000479e-03
9.300000000000000541e-04
2.390000000000000197e-03
2.540000000000000157e-03
6.210000000000000242e-03
6.400000000000000307e-03
5.030000000000000616e-03
8.200000000000000908e-04
1.900000000000000213e-03
2.340000000000000066e-03
2.292000000000000287e-02
5.100000000000000366e-04
1.710000000000000148e-03
3.500000000000000507e-04
4.330000000000000515e-03
4.000000000000000192e-04
4.230000000000000253e-03
8.120000000000000481e-03
2.540000000000000157e-03
7.600000000000000418e-04
6.830000000000000134e-03
1.150000000000000197e-03
1.317000000000000115e-02
4.520000000000000580e-03
5.800000000000000034e-04
1.500000000000000140e-04
1.030000000000000100e-03
2.160000000000000028e-03
5.690000000000000613e-03
1.080000000000000014e-03
4.260000000000000765e-03
1.300000000000000157e-04
1.920000000000000265e-03
1.600000000000000131e-04
7.400000000000000328e-03
1.006000000000000123e-02
3.510000000000000099e-03
4.710000000000000644e-03
7.940000000000000877e-03
5.420000000000000338e-03
3.070000000000000246e-03
4.700000000000000401e-04
4.000000000000000192e-04
1.120000000000000119e-03
8.080000000000000376e-03
1.280000000000000105e-03
4.400000000000000157e-04
6.570000000000000319e-03
2.570000000000000236e-03
2.151000000000000134e-02
1.950000000000000127e-03
1.800000000000000113e-04
6.000000000000000559e-04
6.000000000000000559e-04
4.800000000000000664e-04
1.860000000000000108e-03
5.150000000000000064e-03
9.600000000000001327e-04
6.199999999999999999e-04
3.240000000000000258e-03
1.735000000000000084e-02
1.220000000000000164e-03
4.990000000000000512e-03
5.600000000000000594e-04
6.330000000000000557e-03
2.860000000000000129e-03
2.840000000000000076e-03
1.100000000000000039e-04
8.790000000000000938e-03
3.900000000000000471e-04
5.170000000000000116e-03
3.600000000000000227e-04
2.940000000000000339e-03
1.060000000000000178e-03
4.400000000000000265e-03
4.308000000000000024e-02
7.000000000000000146e-03
3.500000000000000507e-04
5.020000000000000157e-03
3.200000000000000262e-04
1.878000000000000155e-02
2.120000000000000356e-03
6.360000000000000202e-03
1.030000000000000100e-03
4.490000000000000067e-03
6.400000000000000524e-04
3.500000000000000507e-04
1.380000000000000150e-03
