3.470000000000000428e-03
8.600000000000000873e-04
3.020000000000000115e-03
6.600000000000001048e-04
1.009000000000000001e-02
3.151000000000000328e-02
1.670000000000000043e-03
3.900000000000000471e-04
6.040000000000000230e-03
5.000000000000000104e-04
3.750000000000000295e-03
3.400000000000000244e-04
8.000000000000000383e-04
9.800000000000001852e-04
2.850000000000000103e-03
1.170000000000000033e-03
1.028000000000000094e-02
6.500000000000000786e-04
6.600000000000001048e-04
3.000000000000000279e-04
7.140000000000000513e-03
1.000000000000000082e-05
8.600000000000000006e-03
9.100000000000001100e-04
3.360000000000000139e-03
1.150000000000000197e-03
1.042000000000000044e-02
2.000000000000000042e-03
7.260000000000000828e-03
9.300000000000000541e-04
1.118000000000000070e-02
4.600000000000000139e-04
1.199000000000000066e-02
2.139999999999999975e-03
3.820000000000000479e-03
4.240000000000000713e-03
4.260000000000000765e-03
1.300000000000000157e-04
1.796999999999999986e-02
4.100000000000000454e-04
8.100000000000001296e-03
3.500000000000000507e-04
1.809000000000000191e-02
2.770000000000000327e-03
5.900000000000000296e-04
9.100000000000001100e-04
1.969999999999999963e-03
4.975000000000000255e-02
1.298000000000000022e-02
4.800000000000000664e-04
7.460000000000000485e-03
9.400000000000000803e-04
4.850000000000000144e-03
1.254000000000000080e-02
3.340000000000000087e-03
4.330000000000000515e-03
3.010000000000000089e-03
4.000000000000000192e-04
1.402000000000000121e-02
2.790000000000000379e-03
8.490000000000001018e-03
3.700000000000000489e-04
1.310000000000000183e-03
4.000000000000000192e-04
9.900000000000000813e-03
2.500000000000000052e-04
3.570000000000000256e-03
2.404000000000000234e-02
5.160000000000000524e-03
7.600000000000000418e-04
3.100000000000000325e-03
1.089000000000000037e-02
1.700000000000000122e-03
1.400000000000000148e-04
2.170000000000000054e-03
1.590000000000000050e-03
2.930000000000000313e-03
5.000000000000000240e-05
1.000000000000000082e-05
2.000000000000000164e-05
1.350000000000000071e-03
3.400000000000000244e-04
1.169000000000000074e-02
4.990000000000000512e-03
7.970000000000001389e-03
6.300000000000000261e-04
5.670000000000000560e-03
6.400000000000000524e-04
1.140000000000000171e-03
8.100000000000000646e-04
6.100000000000000821e-04
1.900000000000000105e-04
4.590000000000000330e-03
5.400000000000000069e-04
1.990000000000000015e-03
6.000000000000000559e-04
8.400000000000000348e-04
4.300000000000000436e-04
2.880000000000000181e-03
2.800000000000000297e-04
7.890000000000001179e-03
4.200000000000000608e-03
1.059000000000000045e-02
4.100000000000000454e-04
2.159000000000000155e-02
2.030000000000000120e-03
1.380000000000000150e-03
1.400000000000000148e-04
2.070000000000000225e-03
1.080000000000000014e-03
9.230000000000000357e-03
6.500000000000000786e-04
3.290000000000000389e-03
4.600000000000000139e-04
5.150000000000000064e-03
4.800000000000000664e-04
6.400000000000000307e-03
4.900000000000000926e-04
6.090000000000000795e-03
3.099999999999999999e-04
2.190000000000000280e-02
5.300000000000000891e-04
3.320000000000000468e-03
2.500000000000000052e-04
5.080000000000000314e-03
4.800000000000000664e-04
1.640000000000000182e-03
7.800000000000000943e-04
2.230000000000000211e-03
5.400000000000000069e-04
7.400000000000000978e-04
3.000000000000000279e-04
5.750000000000000770e-03
6.500000000000000786e-04
1.021000000000000033e-02
5.073000000000000426e-02
8.600000000000000873e-04
3.600000000000000227e-04
2.420000000000000276e-03
6.270000000000000399e-03
5.150000000000000064e-03
2.000000000000000042e-03
3.484000000000000291e-02
3.600000000000000227e-04
5.190000000000000169e-03
1.700000000000000122e-04
9.500000000000001065e-04
3.300000000000000524e-04
2.360000000000000119e-03
3.200000000000000262e-04
1.340000000000000045e-03
6.700000000000000226e-04
1.030000000000000100e-03
5.500000000000000331e-04
6.800000000000000488e-04
3.099999999999999999e-04
4.210000000000000200e-03
3.300000000000000524e-04
1.103000000000000161e-02
1.850000000000000082e-03
1.340000000000000045e-03
2.250000000000000264e-03
8.729999999999999913e-03
3.959999999999999978e-03
4.300000000000000436e-04
4.900000000000000926e-04
5.710000000000000665e-03
1.014000000000000144e-02
1.102000000000000028e-02
7.600000000000000418e-04
4.830000000000000092e-03
4.606000000000000372e-02
8.970000000000000542e-03
1.240000000000000000e-03
1.575000000000000011e-02
2.900000000000000017e-04
1.270000000000000078e-03
2.980000000000000444e-03
4.500000000000000527e-03
6.500000000000000786e-04
4.350000000000000568e-03
2.500000000000000052e-03
2.030000000000000207e-02
3.000000000000000279e-04
8.400000000000001216e-03
2.990000000000000036e-03
7.160000000000000565e-03
8.000000000000000383e-04
5.670000000000000560e-03
1.400000000000000148e-04
8.110000000000000889e-03
2.462000000000000299e-02
1.820000000000000220e-03
6.199999999999999999e-04
1.430000000000000064e-03
3.440000000000000349e-03
1.111000000000000008e-02
1.800000000000000168e-03
1.099000000000000150e-02
1.400000000000000148e-04
1.089000000000000037e-02
8.900000000000000576e-04
5.540000000000000653e-03
1.900000000000000105e-04
3.164000000000000146e-02
1.830000000000000246e-03
1.349000000000000025e-02
1.057000000000000127e-02
6.130000000000000900e-03
3.700000000000000489e-04
1.425000000000000051e-02
1.726000000000000104e-02
1.370000000000000124e-03
3.600000000000000227e-04
1.520000000000000084e-03
1.100000000000000039e-04
5.280000000000000838e-03
4.800000000000000664e-04
4.520000000000000580e-03
3.110000000000000351e-03
1.779999999999999985e-02
4.640000000000000027e-03
3.830000000000000505e-03
1.090000000000000040e-03
1.240000000000000000e-03
4.900000000000000926e-04
7.800000000000000943e-04
1.500000000000000140e-04
1.470000000000000169e-03
4.200000000000000174e-04
4.410000000000000725e-03
7.350000000000000630e-03
7.290000000000000473e-03
5.900000000000000296e-04
4.230000000000000253e-03
1.023000000000000125e-02
8.500000000000000611e-04
3.700000000000000489e-04
2.630000000000000393e-03
3.900000000000000471e-04
3.570000000000000256e-03
3.600000000000000227e-04
4.820000000000000499e-03
3.900000000000000471e-04
2.290000000000000369e-03
4.673000000000000070e-02
2.520000000000000104e-03
1.830000000000000246e-03
2.969000000000000111e-02
3.800000000000000209e-04
2.200000000000000133e-03
4.700000000000000401e-04
2.120000000000000356e-03
6.300000000000000261e-04
4.530000000000000172e-03
2.780000000000000353e-03
6.970000000000000501e-03
2.410000000000000250e-03
4.470000000000000015e-03
3.630000000000000414e-03
3.550000000000000204e-03
2.100000000000000087e-04
2.500000000000000052e-04
1.051000000000000024e-02
1.186000000000000075e-02
8.900000000000000576e-04
7.460000000000000485e-03
2.190000000000000106e-03
3.000000000000000415e-05
1.400000000000000203e-03
1.630000000000000155e-03
6.620000000000000884e-03
1.255000000000000039e-02
2.900000000000000017e-04
2.720000000000000195e-03
1.590000000000000050e-03
5.320000000000000076e-03
1.390000000000000176e-03
1.130000000000000145e-03
5.700000000000000856e-04
1.542000000000000141e-02
8.000000000000000383e-04
2.600000000000000314e-04
8.600000000000000873e-04
9.800000000000001852e-04
3.600000000000000227e-04
4.900000000000000926e-04
1.190000000000000085e-03
3.400000000000000244e-04
1.460000000000000143e-03
5.460000000000000443e-03
5.590000000000000351e-03
4.650000000000000487e-03
6.500000000000000786e-04
1.200000000000000112e-03
2.000000000000000096e-04
7.960000000000000062e-03
6.600000000000001048e-04
4.070000000000000701e-03
2.900000000000000017e-04
7.520000000000000642e-03
3.310000000000000442e-03
7.100000000000000191e-04
1.130000000000000145e-03
1.713000000000000286e-02
3.200000000000000262e-04
1.490000000000000222e-03
2.100000000000000087e-04
1.880000000000000161e-03
1.210000000000000138e-03
2.720000000000000195e-03
5.100000000000000366e-04
1.290000000000000131e-03
2.820000000000000024e-03
2.400000000000000332e-04
5.970000000000000480e-03
3.870000000000000176e-03
1.100000000000000039e-04
1.570000000000000215e-03
2.000000000000000096e-04
2.140000000000000235e-02
3.760000000000000321e-03
4.680000000000000132e-03
2.580000000000000262e-03
4.160000000000000503e-03
4.670000000000000540e-03
1.960000000000000370e-03
3.099999999999999999e-04
5.930000000000000375e-03
3.500000000000000507e-04
2.440000000000000328e-03
2.200000000000000078e-04
2.560000000000000209e-03
8.900000000000000576e-04
1.380000000000000150e-03
8.330000000000000598e-03
1.500000000000000031e-03
4.300000000000000436e-04
4.109999999999999938e-03
4.210000000000000200e-03
2.070000000000000225e-03
6.900000000000000751e-04
1.570000000000000215e-03
1.200000000000000166e-04
3.890000000000000228e-03
3.099999999999999999e-04
5.050000000000000669e-03
5.000000000000000104e-04
5.750000000000000770e-03
1.570000000000000215e-03
9.919999999999999998e-03
2.300000000000000070e-04
8.150000000000000994e-03
7.030000000000000658e-03
8.500000000000000611e-04
8.800000000000000313e-04
4.180000000000000555e-03
4.200000000000000174e-04
5.970000000000000480e-03
1.000000000000000048e-04
5.500000000000000331e-04
1.900000000000000105e-04
6.670000000000000581e-03
3.900000000000000471e-04
9.420000000000001289e-03
5.300000000000000891e-04
2.040000000000000147e-03
3.992000000000000409e-02
8.600000000000000873e-04
1.800000000000000113e-04
3.570000000000000256e-03
1.020000000000000073e-03
2.268000000000000224e-02
2.200000000000000133e-03
4.830000000000000092e-03
2.800000000000000297e-04
1.195000000000000055e-02
1.250000000000000026e-03
2.100000000000000130e-02
2.150000000000000001e-03
5.790000000000000875e-03
7.550000000000000287e-03
2.260000000000000290e-03
2.480000000000000000e-03
8.930000000000000437e-03
2.700000000000000035e-04
1.830000000000000246e-03
3.400000000000000244e-04
2.590000000000000288e-03
4.400000000000000157e-04
8.600000000000000006e-03
1.430000000000000064e-03
2.600000000000000314e-04
5.000000000000000104e-04
3.490000000000000480e-03
1.330000000000000019e-03
1.490000000000000222e-03
2.300000000000000070e-04
7.700000000000000681e-04
1.130000000000000145e-03
6.970000000000000501e-03
7.900000000000000121e-04
4.290000000000000410e-03
6.400000000000000524e-04
5.950000000000000427e-03
1.550000000000000162e-03
4.010000000000000543e-03
1.020000000000000073e-03
7.750000000000000812e-03
1.600000000000000131e-04
8.410000000000000808e-03
8.100000000000000646e-04
1.780000000000000115e-03
3.042000000000000259e-02
8.100000000000000646e-04
8.261000000000000287e-02
2.700000000000000035e-04
1.900000000000000105e-04
6.400000000000000307e-03
7.400000000000000978e-04
5.050000000000000669e-03
2.040000000000000147e-03
5.820000000000000520e-03
1.010000000000000047e-03
2.010000000000000068e-03
2.700000000000000035e-04
9.600000000000001327e-04
2.900000000000000017e-04
5.070000000000000721e-03
6.000000000000000830e-05
2.111000000000000029e-02
1.900000000000000105e-04
4.300000000000000436e-04
3.900000000000000471e-04
6.390000000000000714e-03
1.487000000000000127e-02
9.010000000000000647e-03
2.630000000000000393e-03
1.820000000000000220e-03
4.000000000000000192e-04
4.850000000000000144e-03
2.260000000000000290e-03
9.850000000000001116e-03
5.600000000000000594e-04
3.900000000000000471e-04
2.200000000000000078e-04
2.390000000000000197e-03
1.100000000000000039e-04
7.960000000000000062e-03
1.329000000000000146e-02
1.458000000000000095e-02
1.200000000000000112e-03
6.260000000000000807e-03
3.630000000000000414e-03
9.980000000000001023e-03
6.500000000000000786e-04
7.640000000000000957e-03
1.700000000000000122e-04
2.010000000000000068e-03
1.700000000000000122e-03
3.080000000000000272e-03
2.300000000000000070e-04
3.200000000000000153e-03
6.270000000000000399e-03
6.930000000000000396e-03
7.200000000000000453e-04
1.920000000000000265e-03
1.100000000000000039e-04
7.180000000000000618e-03
4.600000000000000139e-04
3.750000000000000295e-03
7.300000000000000716e-04
1.357000000000000046e-02
3.900000000000000471e-04
9.850000000000001116e-03
7.500000000000000156e-04
1.028000000000000094e-02
1.040000000000000126e-03
2.830000000000000050e-03
3.000000000000000415e-05
5.730000000000000718e-03
6.100000000000000821e-04
1.027000000000000135e-02
3.500000000000000507e-04
4.480000000000000475e-03
2.010000000000000068e-03
1.220000000000000164e-03
9.100000000000001100e-04
8.200000000000000691e-03
5.900000000000000296e-04
1.029000000000000054e-02
3.700000000000000164e-03
9.970000000000001431e-03
5.570000000000000298e-03
8.490000000000001018e-03
3.999000000000000471e-02
2.750000000000000274e-03
5.860000000000000625e-03
1.027000000000000135e-02
1.560000000000000189e-03
3.710000000000000190e-03
2.700000000000000035e-04
5.780000000000000415e-03
1.000000000000000048e-04
5.730000000000000718e-03
2.400000000000000332e-04
1.318000000000000074e-02
1.387000000000000038e-02
1.810000000000000194e-03
2.900000000000000017e-04
3.010000000000000089e-03
4.900000000000000926e-04
1.600000000000000131e-04
6.400000000000000524e-04
3.870000000000000176e-03
1.572000000000000133e-02
4.210000000000000200e-03
1.370000000000000124e-03
3.000000000000000279e-04
3.810000000000000452e-03
2.410000000000000250e-03
9.200000000000000278e-04
4.230000000000000253e-03
4.000000000000000192e-04
2.150000000000000001e-03
6.600000000000001048e-04
3.860000000000000150e-03
3.810000000000000452e-03
4.460000000000000422e-03
2.360000000000000119e-03
3.160000000000000048e-03
2.830000000000000050e-03
1.616000000000000075e-02
4.300000000000000436e-04
1.762999999999999984e-02
3.500000000000000507e-04
8.280000000000000901e-03
1.700000000000000122e-04
