3.160000000000000048e-03
7.400000000000000978e-04
4.470000000000000015e-03
1.200000000000000166e-04
7.930000000000001284e-03
9.200000000000000278e-04
1.920000000000000265e-03
5.400000000000000069e-04
4.800000000000000447e-03
5.140000000000000471e-03
1.063000000000000056e-02
7.100000000000000191e-04
4.000000000000000192e-04
4.200000000000000174e-04
1.026000000000000002e-02
5.900000000000000296e-04
8.950000000000001357e-03
8.300000000000001170e-04
3.480000000000000454e-03
1.400000000000000148e-04
1.550000000000000162e-03
6.800000000000000488e-04
6.600000000000001048e-04
2.000000000000000096e-04
1.694000000000000020e-02
1.500000000000000140e-04
6.170000000000000137e-03
1.800000000000000168e-03
1.580000000000000024e-03
3.600000000000000227e-04
2.600000000000000314e-04
1.650000000000000208e-03
2.150000000000000001e-03
2.500000000000000052e-04
2.380000000000000171e-03
3.620000000000000388e-03
2.770000000000000327e-03
1.680000000000000070e-03
1.360000000000000098e-03
2.600000000000000314e-04
4.170000000000000095e-03
1.870000000000000134e-03
3.040000000000000167e-03
2.400000000000000332e-04
4.880000000000000657e-03
1.386000000000000079e-02
2.570000000000000236e-03
6.100000000000000821e-04
4.210000000000000200e-03
3.272000000000000602e-02
1.420000000000000038e-03
3.220000000000000206e-03
5.550000000000000246e-03
4.500000000000000419e-04
2.210000000000000159e-03
2.400000000000000332e-04
1.640000000000000182e-03
2.200000000000000078e-04
9.550000000000001196e-03
1.780000000000000115e-03
6.170000000000000137e-03
1.300000000000000157e-04
5.450000000000000851e-03
1.586000000000000257e-02
2.420000000000000276e-03
3.800000000000000209e-04
6.170000000000000137e-03
9.500000000000001499e-03
3.770000000000000347e-03
2.200000000000000078e-04
5.560000000000000706e-03
7.500000000000000156e-04
1.369000000000000078e-02
6.800000000000000488e-04
2.600000000000000314e-04
7.900000000000000121e-04
5.200000000000000629e-03
1.617999999999999994e-02
4.940000000000000814e-03
2.260000000000000290e-03
9.200000000000000278e-04
2.300000000000000070e-04
1.730000000000000201e-03
1.800000000000000113e-04
9.840000000000001523e-03
3.099999999999999999e-04
3.260000000000000311e-03
5.600000000000000594e-04
6.930000000000000396e-03
8.800000000000000313e-04
3.840000000000000531e-03
1.680000000000000070e-03
2.590000000000000288e-03
3.630000000000000414e-03
4.420000000000000318e-03
3.200000000000000262e-04
4.250000000000000305e-03
3.500000000000000507e-04
4.400000000000000157e-04
3.400000000000000244e-04
2.370000000000000145e-03
2.600000000000000314e-04
3.660000000000000493e-03
5.300000000000000891e-04
1.600000000000000131e-04
5.800000000000000034e-04
2.920000000000000286e-03
1.670000000000000043e-03
1.065000000000000148e-02
4.300000000000000436e-04
6.800000000000000488e-04
9.700000000000000505e-04
2.450000000000000355e-03
8.500000000000000611e-04
6.620000000000000884e-03
1.410000000000000012e-03
4.170000000000000095e-03
6.199999999999999999e-04
2.550000000000000183e-03
7.000000000000001013e-04
6.170000000000000137e-03
9.899999999999999946e-04
8.000000000000000383e-04
8.700000000000001135e-04
1.424000000000000092e-02
4.500000000000000419e-04
6.000000000000000830e-05
7.200000000000000453e-04
5.170000000000000116e-03
2.031000000000000166e-02
1.840000000000000056e-03
2.950000000000000365e-03
3.780000000000000374e-03
5.700000000000000856e-04
1.210000000000000138e-03
4.600000000000000139e-04
2.050000000000000173e-03
6.700000000000000226e-04
1.742000000000000146e-02
6.000000000000000559e-04
6.000000000000000559e-04
1.600000000000000131e-04
1.640000000000000182e-03
1.550000000000000162e-03
5.500000000000000331e-04
3.020000000000000115e-03
1.600000000000000077e-03
1.900000000000000105e-04
1.300000000000000114e-02
5.270000000000000379e-03
1.400000000000000203e-03
3.200000000000000262e-04
6.520000000000000621e-03
4.000000000000000192e-04
1.360000000000000098e-02
2.400000000000000332e-04
4.190000000000000148e-03
1.020000000000000073e-03
9.899999999999999946e-04
7.200000000000000453e-04
5.400000000000000069e-04
6.300000000000000261e-04
1.910000000000000239e-03
1.040000000000000126e-03
8.570000000000001228e-03
6.700000000000000226e-04
6.000000000000000559e-04
6.500000000000000786e-04
1.700000000000000122e-04
1.090000000000000040e-03
3.520000000000000125e-03
8.100000000000000646e-04
3.430000000000000323e-03
3.220000000000000206e-03
1.520000000000000084e-03
1.062000000000000097e-02
4.100000000000000454e-04
5.860000000000000625e-03
2.520000000000000104e-03
3.800000000000000209e-04
2.720000000000000195e-03
4.500000000000000419e-04
4.300000000000000003e-03
4.500000000000000419e-04
4.930000000000000354e-03
1.600000000000000077e-03
3.460000000000000402e-03
3.090000000000000385e-02
2.850000000000000103e-03
4.890000000000000249e-03
4.230000000000000253e-03
1.200000000000000166e-04
6.290000000000000452e-03
3.921000000000000180e-02
1.230000000000000190e-03
1.150000000000000197e-03
1.672000000000000222e-02
2.800000000000000297e-04
1.954000000000000181e-02
3.300000000000000524e-04
1.480000000000000196e-03
1.840000000000000056e-03
9.450000000000000067e-03
2.100000000000000087e-04
3.890000000000000228e-03
2.620000000000000367e-03
5.970000000000000480e-03
4.200000000000000174e-04
1.108000000000000131e-02
1.940000000000000101e-03
1.630000000000000155e-03
2.920000000000000286e-03
4.970000000000000459e-03
2.400000000000000223e-03
1.260000000000000052e-03
3.200000000000000262e-04
3.500000000000000073e-03
1.400000000000000148e-04
4.340000000000000108e-03
1.080000000000000014e-03
7.650000000000000550e-03
6.700000000000000226e-04
9.720000000000001208e-03
5.700000000000000856e-04
1.679000000000000284e-02
2.500000000000000052e-04
1.176000000000000136e-02
5.500000000000000331e-04
8.300000000000000086e-03
3.700000000000000489e-04
1.429000000000000062e-02
9.000000000000000567e-05
1.196000000000000014e-02
2.570000000000000236e-03
1.250000000000000026e-03
4.870000000000000197e-03
2.556000000000000286e-02
3.200000000000000262e-04
1.020000000000000073e-02
2.470000000000000407e-03
1.310000000000000183e-03
5.800000000000000034e-04
4.310000000000000463e-03
1.140000000000000171e-03
1.322000000000000085e-02
5.075000000000000344e-02
1.270000000000000078e-03
2.600000000000000314e-04
1.050000000000000152e-03
1.000000000000000048e-04
9.260000000000000869e-03
1.090000000000000040e-03
1.182000000000000065e-02
2.070000000000000225e-03
5.090000000000000774e-03
4.700000000000000185e-03
3.510000000000000099e-03
8.300000000000001170e-04
3.130000000000000403e-03
1.150000000000000197e-03
1.651000000000000037e-02
3.140000000000000430e-03
8.610000000000001333e-03
4.800000000000000664e-04
3.018000000000000196e-02
2.100000000000000087e-04
3.081000000000000405e-02
4.619999999999999975e-03
1.110000000000000092e-03
1.320000000000000210e-03
8.700000000000001135e-04
1.990000000000000015e-03
2.130000000000000383e-03
2.500000000000000052e-04
1.082000000000000149e-02
3.800000000000000209e-04
4.520000000000000580e-03
4.200000000000000174e-04
1.940000000000000101e-03
2.200000000000000078e-04
3.370000000000000166e-03
5.900000000000000296e-04
4.600000000000000139e-04
3.200000000000000262e-04
1.210000000000000138e-03
1.330000000000000019e-03
9.160000000000001474e-03
1.300000000000000157e-03
1.789000000000000312e-02
5.280000000000000838e-03
1.570000000000000215e-03
2.600000000000000314e-04
3.080000000000000272e-03
8.000000000000000383e-04
2.210000000000000159e-03
1.510000000000000057e-03
7.900000000000000772e-03
3.625000000000000444e-02
1.950000000000000127e-03
4.600000000000000139e-04
3.600000000000000227e-04
1.940000000000000101e-03
8.970000000000000542e-03
1.320000000000000210e-03
6.400000000000000307e-03
1.840000000000000056e-03
2.960000000000000391e-03
1.820000000000000220e-03
9.470000000000000986e-03
6.027000000000000413e-02
3.440000000000000349e-03
2.300000000000000070e-04
7.690000000000000654e-03
1.010000000000000047e-03
6.900000000000000751e-03
5.800000000000000034e-04
1.400000000000000148e-04
8.600000000000000873e-04
8.290000000000000493e-03
6.000000000000000830e-05
1.078000000000000139e-02
2.040000000000000147e-03
7.400000000000000328e-03
1.100000000000000039e-04
2.250000000000000264e-03
6.870000000000000238e-03
7.030000000000000658e-03
3.200000000000000262e-04
1.150000000000000197e-03
7.110000000000000868e-03
2.960000000000000391e-03
6.100000000000000821e-04
7.910000000000000364e-03
5.400000000000000069e-04
8.980000000000000135e-03
3.500000000000000507e-04
1.040000000000000126e-03
4.800000000000000664e-04
2.324000000000000024e-02
3.000000000000000279e-04
1.920000000000000179e-02
1.000000000000000082e-05
1.000000000000000082e-05
1.000000000000000082e-05
1.000000000000000082e-05
1.000000000000000082e-05
1.735000000000000084e-02
1.210000000000000138e-03
3.053000000000000158e-02
1.000000000000000082e-05
1.000000000000000082e-05
9.000000000000000567e-05
3.230000000000000232e-03
1.500000000000000140e-04
1.461000000000000146e-02
3.805000000000000049e-02
1.152000000000000073e-02
1.900000000000000213e-03
9.940000000000000918e-03
4.400000000000000157e-04
1.165000000000000063e-02
5.600000000000000594e-04
3.270000000000000337e-03
3.440000000000000349e-03
1.386000000000000079e-02
5.700000000000000856e-04
3.840999999999999970e-02
3.500000000000000507e-04
2.580000000000000262e-03
3.330000000000000061e-03
3.317000000000000504e-02
4.600000000000000139e-04
1.880000000000000161e-03
6.600000000000001048e-04
6.340000000000000149e-03
1.000000000000000048e-04
9.270000000000000462e-03
1.900000000000000105e-04
1.085000000000000027e-02
1.069999999999999988e-03
2.122000000000000275e-02
4.520000000000000580e-03
1.840000000000000056e-03
3.990000000000000491e-03
1.309000000000000094e-02
9.480000000000000579e-03
2.460000000000000381e-03
5.800000000000000034e-04
1.969999999999999963e-03
6.300000000000000261e-04
7.700000000000000247e-03
4.700000000000000401e-04
2.060000000000000199e-03
7.900000000000000121e-04
1.326000000000000095e-02
1.250000000000000026e-03
1.628000000000000280e-02
4.800000000000000664e-04
1.270000000000000078e-03
1.800000000000000168e-03
6.720000000000000279e-03
6.421000000000000318e-02
1.890000000000000187e-03
1.040000000000000126e-03
3.270000000000000337e-03
6.300000000000000261e-04
2.430000000000000302e-03
2.100000000000000087e-04
3.900000000000000255e-03
1.700000000000000122e-04
5.000000000000000104e-04
6.630000000000000476e-03
6.400000000000000524e-04
1.460000000000000143e-03
1.267000000000000071e-02
6.700000000000000226e-04
4.250000000000000305e-03
4.500000000000000419e-04
8.700000000000001135e-04
5.900000000000000296e-04
2.040000000000000147e-03
2.200000000000000078e-04
1.010000000000000047e-03
5.400000000000000069e-04
1.087000000000000119e-02
1.030000000000000100e-03
2.164000000000000298e-02
4.300000000000000436e-04
1.540000000000000136e-03
9.932000000000000550e-02
1.290000000000000131e-03
2.000000000000000096e-04
1.020000000000000073e-03
4.760000000000000342e-03
6.390000000000000714e-03
2.500000000000000052e-04
6.950000000000000448e-03
3.600000000000000227e-04
2.029000000000000248e-02
3.800000000000000209e-04
1.645000000000000281e-02
2.000000000000000096e-04
1.390000000000000176e-03
4.300000000000000436e-04
2.890000000000000208e-03
1.069999999999999988e-03
2.290000000000000369e-03
4.900000000000000926e-04
2.020000000000000094e-03
3.200000000000000262e-04
3.110000000000000351e-03
4.010000000000000543e-03
1.610000000000000103e-03
1.411000000000000101e-02
5.050000000000000669e-03
9.899999999999999946e-04
1.069999999999999988e-03
3.600000000000000227e-04
5.400000000000000069e-04
6.500000000000000786e-04
9.899999999999999946e-04
5.000000000000000104e-04
1.910000000000000239e-03
3.240000000000000258e-03
1.280000000000000105e-03
3.900000000000000471e-04
1.033000000000000064e-02
1.480000000000000196e-03
6.199999999999999999e-04
5.500000000000000331e-04
6.580000000000000779e-03
8.900000000000000576e-04
1.582000000000000073e-02
2.970000000000000417e-03
4.180000000000000555e-03
4.300000000000000436e-04
4.449999999999999963e-03
4.100000000000000454e-04
5.790000000000000875e-03
1.484300000000000064e-01
4.500000000000000419e-04
2.360000000000000119e-03
8.480000000000001426e-03
5.100000000000000366e-04
9.310000000000000567e-03
5.650000000000000508e-03
2.420000000000000276e-03
6.270000000000000399e-03
1.169000000000000074e-02
