7.720000000000000299e-03
7.100000000000000191e-04
1.685999999999999999e-02
2.850000000000000103e-03
1.050000000000000152e-03
2.700000000000000035e-04
5.390000000000000693e-03
5.140000000000000471e-03
2.600000000000000314e-03
4.000000000000000327e-05
2.230000000000000211e-03
3.500000000000000507e-04
9.400000000000000803e-04
1.460000000000000143e-03
1.337000000000000167e-02
4.300000000000000436e-04
8.710000000000000728e-03
7.800000000000000943e-04
4.010000000000000543e-03
3.800000000000000209e-04
1.172000000000000125e-02
5.000000000000000104e-04
1.600000000000000077e-03
1.927200000000000024e-01
1.110000000000000092e-03
1.220000000000000164e-03
5.700000000000000856e-04
1.140000000000000171e-03
5.330000000000000536e-03
1.410000000000000012e-03
3.640000000000000440e-03
9.100000000000001100e-04
4.120000000000000398e-03
1.500000000000000140e-04
1.481000000000000198e-02
1.050000000000000152e-03
8.780000000000001345e-03
6.760000000000000384e-03
6.340000000000000149e-03
4.000000000000000192e-04
1.320000000000000210e-03
1.310000000000000183e-03
1.620000000000000129e-03
1.400000000000000203e-03
2.270000000000000316e-03
3.200000000000000262e-04
9.660000000000000184e-03
6.600000000000001048e-04
1.812000000000000069e-02
4.270000000000000358e-03
3.790000000000000400e-03
3.099999999999999999e-04
4.780000000000000394e-03
3.800000000000000209e-04
1.700000000000000122e-03
3.900000000000000471e-04
2.200000000000000078e-04
6.300000000000000261e-04
3.410000000000000270e-03
2.610000000000000341e-03
7.400000000000000328e-03
1.240000000000000000e-03
3.310000000000000442e-03
9.000000000000000567e-05
8.729999999999999913e-03
7.300000000000000716e-04
2.225000000000000241e-02
2.000000000000000096e-04
5.790000000000000875e-03
5.900000000000000296e-04
1.100000000000000066e-03
5.000000000000000240e-05
1.095000000000000140e-02
3.000000000000000279e-04
7.000000000000000742e-05
4.700000000000000401e-04
1.050000000000000065e-02
1.930000000000000075e-03
5.200000000000000629e-04
4.500000000000000419e-04
5.140000000000000471e-03
5.900000000000000296e-04
6.700000000000000226e-04
1.500000000000000140e-04
1.546000000000000152e-02
9.000000000000000838e-04
1.568000000000000296e-02
4.100000000000000454e-04
2.610000000000000341e-03
4.700000000000000401e-04
1.180000000000000059e-03
1.500000000000000031e-03
2.240000000000000237e-03
8.750000000000000833e-03
3.170000000000000075e-03
3.700000000000000489e-04
6.080000000000000335e-03
1.580000000000000024e-03
2.450000000000000355e-03
1.640000000000000182e-03
1.553000000000000214e-02
1.990000000000000015e-03
3.110000000000000351e-03
2.300000000000000070e-04
1.817000000000000212e-02
5.900000000000000296e-04
5.980000000000000072e-03
2.010000000000000068e-03
5.860000000000000625e-03
4.100000000000000454e-04
1.467000000000000075e-02
1.740000000000000227e-03
2.700000000000000143e-03
2.727000000000000257e-02
4.970000000000000459e-03
2.660000000000000038e-03
4.500000000000000419e-04
4.360000000000000160e-03
1.089000000000000037e-02
9.000000000000000838e-04
5.810000000000000060e-03
6.100000000000000821e-04
3.050000000000000194e-03
8.000000000000000654e-05
1.058000000000000086e-02
4.500000000000000419e-04
8.440000000000001321e-03
7.900000000000000121e-04
3.700000000000000164e-03
4.100000000000000454e-04
7.950000000000000469e-03
9.899999999999999946e-04
1.960000000000000370e-03
2.300000000000000070e-04
1.140000000000000041e-02
1.180000000000000059e-03
2.760000000000000300e-03
6.800000000000000488e-04
5.510000000000000141e-03
7.600000000000000418e-04
2.690000000000000117e-03
3.200000000000000262e-04
1.930000000000000075e-03
5.100000000000000366e-04
4.350000000000000568e-03
2.300000000000000070e-04
7.160000000000000565e-03
6.400000000000000524e-04
2.480000000000000000e-03
5.300000000000000891e-04
7.720000000000000299e-03
2.100000000000000087e-04
1.339000000000000086e-02
2.600000000000000314e-04
1.420000000000000038e-03
1.100000000000000066e-03
4.920000000000000762e-03
2.700000000000000035e-04
1.077000000000000006e-02
1.500000000000000140e-04
8.200000000000000908e-04
6.000000000000000830e-05
3.140000000000000430e-03
2.300000000000000070e-04
8.520000000000001530e-03
3.500000000000000507e-04
1.400000000000000148e-04
1.700000000000000122e-04
7.310000000000000525e-03
2.400000000000000332e-04
8.000000000000000167e-03
4.800000000000000664e-04
1.720000000000000175e-03
6.500000000000000786e-04
6.280000000000000859e-03
3.099999999999999999e-04
3.030000000000000141e-03
9.300000000000000541e-04
4.420000000000000318e-03
1.000000000000000082e-05
1.326000000000000095e-02
2.800000000000000297e-04
2.250000000000000264e-03
4.400000000000000157e-04
1.800000000000000113e-04
4.800000000000000664e-04
1.410000000000000012e-03
1.200000000000000166e-04
5.230000000000000274e-03
3.000000000000000279e-04
4.160000000000000503e-02
7.300000000000000716e-04
1.600000000000000077e-03
4.300000000000000436e-04
2.150000000000000001e-03
4.600000000000000139e-04
1.670000000000000043e-03
6.900000000000000751e-04
1.760000000000000063e-03
1.300000000000000157e-04
4.160000000000000503e-03
7.000000000000000146e-03
3.190000000000000127e-03
7.600000000000000418e-04
3.720000000000000216e-03
2.600000000000000314e-04
9.700000000000000505e-04
7.070000000000000763e-03
1.808000000000000232e-02
1.540000000000000136e-03
6.000000000000000559e-04
4.300000000000000436e-04
2.360000000000000119e-03
5.000000000000000104e-04
9.660000000000000184e-03
2.490000000000000026e-03
2.730000000000000222e-03
1.840000000000000056e-03
1.300000000000000157e-04
3.280000000000000363e-03
6.140000000000000492e-03
1.300000000000000157e-04
3.790000000000000400e-03
1.049000000000000106e-02
1.080000000000000014e-03
6.700000000000000226e-04
4.890000000000000249e-03
5.000000000000000240e-05
1.341000000000000178e-02
5.600000000000000594e-04
3.920000000000000741e-03
2.900000000000000017e-04
8.320000000000001006e-03
1.800000000000000113e-04
4.240000000000000713e-03
7.000000000000000742e-05
7.360000000000000223e-03
2.400000000000000332e-04
2.330000000000000040e-03
2.500000000000000052e-04
5.340000000000000129e-03
5.600000000000000594e-04
3.900000000000000471e-04
5.300000000000000891e-04
2.330000000000000040e-03
1.080000000000000014e-03
1.153000000000000032e-02
2.100000000000000087e-04
1.199000000000000066e-02
5.000000000000000240e-05
1.390000000000000176e-03
1.200000000000000166e-04
4.740000000000000289e-03
8.900000000000000576e-04
1.860000000000000108e-03
2.400000000000000332e-04
1.032000000000000105e-02
3.300000000000000524e-04
1.870000000000000134e-03
1.600000000000000131e-04
1.300000000000000157e-03
4.500000000000000419e-04
1.354000000000000169e-02
8.300000000000001170e-04
4.129999999999999991e-03
1.670000000000000043e-03
2.880000000000000181e-03
4.200000000000000174e-04
1.921000000000000138e-02
4.700000000000000401e-04
2.020000000000000094e-03
3.000000000000000279e-04
3.730000000000000242e-03
3.590000000000000309e-03
1.250000000000000026e-03
4.100000000000000454e-04
1.830000000000000246e-03
3.000000000000000062e-03
1.710000000000000148e-03
1.530000000000000110e-03
2.605000000000000371e-02
5.900000000000000296e-04
6.710000000000000686e-03
5.400000000000000069e-04
2.800000000000000405e-03
3.700000000000000489e-04
7.060000000000000303e-03
5.500000000000000331e-04
1.311000000000000186e-02
1.300000000000000157e-03
3.200000000000000153e-03
7.200000000000000453e-04
3.620000000000000388e-03
7.400000000000000978e-04
7.990000000000000574e-03
5.400000000000000069e-04
2.640000000000000419e-03
3.670000000000000085e-03
5.080000000000000314e-03
1.000000000000000048e-04
2.900000000000000017e-04
2.000000000000000096e-04
8.559999999999999901e-03
5.500000000000000331e-04
9.640000000000000999e-03
3.000000000000000279e-04
1.913000000000000117e-02
2.640000000000000419e-03
5.880000000000000678e-03
2.000000000000000096e-04
4.800000000000000664e-04
3.610000000000000361e-03
5.410000000000000746e-03
6.199999999999999999e-04
1.949000000000000038e-02
4.000000000000000192e-04
8.630000000000000518e-03
4.300000000000000436e-04
1.098000000000000018e-02
2.900000000000000017e-04
8.200000000000000908e-04
4.700000000000000401e-04
2.137000000000000011e-02
2.475000000000000117e-02
9.110000000000000042e-03
5.300000000000000891e-04
1.353000000000000036e-02
3.099999999999999999e-04
1.054000000000000076e-02
1.420000000000000038e-03
2.010000000000000068e-03
3.400000000000000244e-04
1.326000000000000095e-02
1.280000000000000105e-03
3.100000000000000325e-03
3.500000000000000507e-04
9.730000000000000801e-03
4.100000000000000454e-04
1.329000000000000146e-02
4.500000000000000419e-04
1.800000000000000168e-03
2.139999999999999975e-03
4.400000000000000157e-04
6.500000000000000786e-04
4.830000000000000092e-03
2.500000000000000052e-04
1.830000000000000246e-03
3.283000000000000501e-02
5.340000000000000129e-03
2.200000000000000078e-04
9.810000000000001011e-03
2.490000000000000026e-03
9.600000000000000894e-03
3.400000000000000244e-04
7.620000000000000905e-03
9.300000000000000541e-04
2.806000000000000161e-02
6.000000000000000559e-04
6.560000000000000726e-03
2.900000000000000017e-04
9.800000000000001852e-04
1.700000000000000122e-04
5.530000000000000193e-03
8.000000000000000383e-04
3.970000000000000438e-03
3.400000000000000244e-04
3.560000000000000230e-03
6.100000000000000821e-04
1.225000000000000047e-02
2.600000000000000314e-04
8.290000000000000493e-03
9.000000000000000838e-04
2.170000000000000054e-03
2.850000000000000103e-03
9.400000000000000803e-04
1.600000000000000131e-04
3.230000000000000232e-03
3.900000000000000471e-04
7.000000000000001013e-04
5.700000000000000856e-04
1.600000000000000131e-04
3.300000000000000524e-04
3.000000000000000415e-05
1.100000000000000066e-03
1.180000000000000059e-03
1.000000000000000082e-05
1.528000000000000191e-02
3.900000000000000471e-04
4.010000000000000543e-03
1.900000000000000105e-04
1.452000000000000166e-02
2.600000000000000314e-04
1.020000000000000073e-02
8.000000000000000654e-05
3.000000000000000062e-03
6.199999999999999999e-04
6.940000000000000856e-03
2.540000000000000157e-03
8.600000000000000006e-03
5.530000000000000193e-03
3.400000000000000244e-04
5.800000000000000034e-04
3.900000000000000471e-04
2.400000000000000332e-04
9.650000000000000591e-03
2.900000000000000017e-04
8.110000000000000889e-03
2.000000000000000096e-04
1.790000000000000141e-03
8.900000000000000576e-04
1.110000000000000092e-03
9.500000000000001065e-04
1.230000000000000190e-03
5.900000000000000296e-04
3.530000000000000152e-03
7.000000000000001013e-04
1.116000000000000152e-02
5.900000000000000296e-04
1.910000000000000239e-03
1.000000000000000021e-03
3.010000000000000089e-03
1.670000000000000043e-03
2.450000000000000355e-03
4.660000000000000080e-03
9.800000000000001418e-03
2.500000000000000052e-04
1.530000000000000110e-03
5.100000000000000366e-04
3.520000000000000125e-03
4.300000000000000436e-04
1.030000000000000100e-03
9.500000000000001065e-04
2.190000000000000106e-03
3.280000000000000363e-03
1.920000000000000265e-03
1.190000000000000085e-03
2.000000000000000164e-05
3.580000000000000283e-03
5.000000000000000104e-04
3.160000000000000048e-03
2.740000000000000248e-03
3.200000000000000262e-04
1.920000000000000265e-03
4.834000000000000102e-02
1.028000000000000094e-02
8.800000000000000313e-04
1.600000000000000131e-04
8.836000000000000798e-02
2.840000000000000076e-03
4.400000000000000157e-04
4.700000000000000401e-04
1.900000000000000105e-04
1.556000000000000091e-02
1.340000000000000045e-03
1.720000000000000175e-03
1.300000000000000157e-04
1.140000000000000041e-02
2.800000000000000297e-04
7.300000000000000716e-04
4.400000000000000157e-04
3.260000000000000311e-03
1.857000000000000317e-02
5.900000000000000296e-04
3.099999999999999999e-04
5.210000000000000221e-03
2.900000000000000017e-04
3.330000000000000061e-03
2.600000000000000314e-04
5.260000000000000786e-03
1.010000000000000047e-03
8.100000000000000646e-04
2.000000000000000042e-02
7.270000000000000420e-03
4.800000000000000664e-04
1.730000000000000201e-03
7.500000000000000156e-04
2.064000000000000209e-02
3.600000000000000227e-04
2.890000000000000208e-03
1.870000000000000134e-03
3.580000000000000283e-03
3.670000000000000345e-02
3.890000000000000228e-03
1.500000000000000140e-04
1.020000000000000073e-03
3.440000000000000349e-03
3.490000000000000480e-03
3.099999999999999999e-04
1.350000000000000071e-03
2.700000000000000035e-04
8.500000000000000611e-03
4.050000000000000648e-03
5.180000000000000576e-03
2.220000000000000185e-03
7.400000000000000978e-04
4.400000000000000157e-04
1.600000000000000077e-03
2.810000000000000431e-03
8.600000000000000873e-04
4.400000000000000157e-04
6.870000000000000238e-03
1.100000000000000066e-03
7.100000000000000191e-04
1.040000000000000126e-03
1.157000000000000042e-02
7.000000000000000742e-05
7.280000000000000880e-03
7.000000000000000742e-05
6.300000000000000261e-04
3.400000000000000244e-04
2.170000000000000054e-03
6.800000000000000488e-04
6.400000000000000524e-04
3.300000000000000524e-04
1.316000000000000156e-02
3.400000000000000244e-04
1.750000000000000036e-03
1.800000000000000113e-04
2.139999999999999975e-03
2.600000000000000314e-04
9.200000000000000278e-04
4.900000000000000926e-04
4.970000000000000459e-03
3.959999999999999978e-03
1.046000000000000055e-02
2.300000000000000070e-04
2.790000000000000379e-03
1.020000000000000073e-03
2.610000000000000341e-03
5.750000000000000770e-03
2.650000000000000012e-03
2.300000000000000070e-04
1.820000000000000220e-03
8.900000000000000576e-04
6.120000000000000440e-03
2.207000000000000281e-02
3.300000000000000416e-03
2.300000000000000070e-04
2.490000000000000026e-03
5.500000000000000331e-04
5.700000000000000205e-03
2.400000000000000332e-04
4.120000000000000398e-03
5.400000000000000069e-04
2.020000000000000094e-03
1.500000000000000140e-04
7.800000000000000943e-04
5.280000000000000838e-03
4.700000000000000401e-04
9.000000000000000567e-05
7.160000000000000565e-03
4.100000000000000454e-04
9.500000000000001065e-04
2.500000000000000052e-04
7.600000000000000418e-04
3.600000000000000227e-04
2.830000000000000050e-03
1.900000000000000105e-04
5.440000000000000391e-03
2.080000000000000251e-03
1.738000000000000309e-02
3.950000000000000386e-03
1.834000000000000213e-02
5.280000000000000838e-03
1.750000000000000036e-03
1.590000000000000050e-03
3.060000000000000220e-03
1.440000000000000091e-03
2.370000000000000145e-03
4.000000000000000192e-04
7.720000000000000299e-03
1.500000000000000140e-04
2.460000000000000381e-03
1.300000000000000157e-04
8.360000000000001111e-03
2.100000000000000087e-04
2.220000000000000185e-03
2.600000000000000314e-04
1.760000000000000063e-03
4.100000000000000454e-04
1.874000000000000318e-02
8.800000000000000313e-04
9.749999999999999986e-03
9.800000000000001852e-04
3.730000000000000242e-03
4.000000000000000192e-04
5.700000000000000205e-03
2.900000000000000017e-04
