7.650000000000000550e-03
3.300000000000000524e-04
8.900000000000000576e-04
5.000000000000000240e-05
6.190000000000000190e-03
1.010000000000000047e-03
1.370000000000000124e-03
3.400000000000000244e-04
9.050000000000000752e-03
8.700000000000001135e-04
9.040000000000001160e-03
1.900000000000000105e-04
9.899999999999999946e-04
6.100000000000000821e-04
3.280000000000000363e-03
7.000000000000000742e-05
5.200000000000000629e-04
3.400000000000000244e-04
9.200000000000000278e-04
9.300000000000000541e-04
2.340000000000000066e-03
2.800000000000000297e-04
1.160000000000000007e-03
7.900000000000000121e-04
1.790000000000000141e-03
2.910000000000000260e-03
9.600000000000001327e-04
1.845000000000000112e-02
2.045000000000000290e-02
5.300000000000000891e-04
6.500000000000000786e-04
2.030000000000000120e-03
1.370000000000000124e-03
5.400000000000000069e-04
2.630000000000000393e-03
1.900000000000000105e-04
2.940000000000000339e-03
5.100000000000000366e-04
2.480000000000000000e-03
1.600000000000000131e-04
1.680000000000000070e-03
5.500000000000000331e-04
2.090000000000000278e-03
2.040000000000000147e-03
2.080000000000000251e-03
7.100000000000000191e-04
5.300000000000000024e-03
4.000000000000000192e-04
7.290000000000000473e-03
2.500000000000000052e-04
4.400000000000000157e-04
2.300000000000000070e-04
3.140000000000000430e-03
2.890000000000000208e-03
1.200000000000000166e-04
2.180000000000000080e-03
1.315000000000000023e-02
1.400000000000000148e-04
6.400000000000000307e-03
2.460000000000000381e-03
3.120000000000000377e-03
7.400000000000000978e-04
2.190000000000000106e-03
9.500000000000001065e-04
7.790000000000000917e-03
2.300000000000000070e-04
7.200000000000000453e-04
5.300000000000000891e-04
1.470000000000000169e-03
7.000000000000001013e-04
2.720000000000000195e-03
5.900000000000000296e-04
3.900000000000000255e-03
2.800000000000000297e-04
7.890000000000001179e-03
2.700000000000000035e-04
1.000000000000000021e-03
1.100000000000000039e-04
8.200000000000000908e-04
2.300000000000000395e-03
7.670000000000000602e-03
2.600000000000000314e-04
9.130000000000000962e-03
8.780000000000001345e-03
1.139000000000000082e-02
1.500000000000000140e-04
2.980000000000000444e-03
5.558000000000000440e-02
3.800000000000000426e-03
2.900000000000000017e-04
2.620000000000000367e-03
2.800000000000000297e-04
1.071000000000000077e-02
4.900000000000000926e-04
3.250000000000000284e-03
1.400000000000000148e-04
2.690000000000000117e-03
6.000000000000000559e-04
1.800000000000000113e-04
1.520000000000000084e-03
1.800000000000000113e-04
3.410000000000000270e-03
7.970000000000001389e-03
2.390000000000000197e-03
1.316000000000000156e-02
1.500000000000000140e-04
4.600000000000000139e-04
2.030000000000000120e-03
1.900000000000000105e-04
3.800000000000000209e-04
1.889000000000000054e-02
1.600000000000000131e-04
3.900000000000000471e-04
1.270000000000000078e-03
2.420000000000000276e-03
6.500000000000000786e-04
1.310000000000000183e-03
3.360000000000000139e-03
7.500000000000000156e-04
6.000000000000000559e-04
8.600000000000000873e-04
3.000000000000000279e-04
2.690000000000000117e-03
2.500000000000000052e-04
2.150000000000000001e-03
5.300000000000000891e-04
5.730000000000000718e-03
8.900000000000000576e-04
2.930000000000000313e-03
1.000000000000000082e-05
9.850000000000001116e-03
3.400000000000000244e-04
9.400000000000000803e-04
7.200000000000000453e-04
1.880000000000000161e-03
3.099999999999999999e-04
1.770000000000000089e-03
7.500000000000000156e-04
5.540000000000000653e-03
8.000000000000000654e-05
3.190000000000000127e-03
7.400000000000000978e-04
1.040000000000000126e-03
4.800000000000000664e-04
7.270000000000000420e-03
1.600000000000000131e-04
1.570000000000000215e-03
5.080000000000000487e-02
5.140000000000000471e-03
7.700000000000000681e-04
1.120000000000000119e-03
2.300000000000000070e-04
1.254000000000000080e-02
1.490000000000000222e-03
9.200000000000000278e-04
4.800000000000000664e-04
1.340000000000000045e-03
2.160000000000000028e-03
3.386000000000000121e-02
3.800000000000000426e-03
5.420000000000000338e-03
5.500000000000000331e-04
6.540000000000000674e-03
5.500000000000000331e-04
1.001000000000000154e-02
1.710000000000000148e-03
1.600000000000000131e-04
5.770000000000000823e-03
2.600000000000000314e-04
4.500000000000000419e-04
8.310000000000001413e-03
2.200000000000000078e-04
3.800000000000000209e-04
4.300000000000000436e-04
9.100000000000000450e-03
4.300000000000000436e-04
7.800000000000000943e-04
2.400000000000000332e-04
1.024000000000000084e-02
3.410000000000000270e-03
6.040000000000000230e-03
1.320000000000000210e-03
5.470000000000000036e-03
1.015100000000000030e-01
1.106000000000000039e-02
3.600000000000000227e-04
6.010000000000000585e-03
2.100000000000000304e-03
1.020000000000000073e-03
1.110000000000000092e-03
6.800000000000000488e-04
2.400000000000000332e-04
1.112000000000000141e-02
4.140000000000000450e-03
4.040000000000000188e-03
4.200000000000000174e-04
1.331000000000000065e-02
2.309999999999999987e-03
1.860000000000000108e-03
4.300000000000000436e-04
3.100000000000000325e-03
5.150000000000000064e-03
8.800000000000000313e-04
2.370000000000000145e-03
5.250000000000000326e-03
5.300000000000000891e-04
6.090000000000000795e-03
4.600000000000000139e-04
2.600000000000000314e-03
3.400000000000000244e-04
1.610000000000000103e-03
6.000000000000000830e-05
2.000000000000000096e-04
4.760000000000000342e-03
2.640000000000000419e-03
3.099999999999999999e-04
3.390000000000000218e-03
6.854000000000000370e-02
1.630000000000000155e-03
1.400000000000000148e-04
5.000000000000000104e-03
3.170000000000000075e-03
1.240000000000000130e-02
1.200000000000000166e-04
2.870000000000000155e-03
2.900000000000000017e-04
2.940000000000000339e-03
2.000000000000000096e-04
7.450000000000000892e-03
5.500000000000000331e-04
6.260000000000000807e-03
4.800000000000000664e-04
8.650000000000001438e-03
3.300000000000000524e-04
1.810000000000000194e-03
5.600000000000000594e-04
3.820000000000000479e-03
7.400000000000000978e-04
3.730000000000000242e-03
1.000000000000000048e-04
1.180000000000000059e-03
1.200000000000000166e-04
1.106000000000000039e-02
9.200000000000000278e-04
4.010000000000000543e-03
2.500000000000000052e-04
6.540000000000000674e-03
1.300000000000000157e-04
7.870000000000000259e-03
3.400000000000000244e-04
7.700000000000000681e-04
9.899999999999999946e-04
5.250000000000000326e-03
3.690000000000000138e-03
8.300000000000001170e-04
2.600000000000000314e-04
2.060000000000000199e-03
3.000000000000000279e-04
6.190000000000000190e-03
7.300000000000000716e-04
1.920000000000000265e-03
7.000000000000001013e-04
6.060000000000000282e-03
1.720000000000000175e-03
5.750000000000000770e-03
4.300000000000000436e-04
4.900000000000000926e-04
4.500000000000000419e-04
3.770000000000000347e-03
4.200000000000000174e-04
1.271000000000000081e-02
3.300000000000000524e-04
1.040000000000000126e-03
2.090000000000000278e-03
4.980000000000000052e-03
6.300000000000000261e-04
2.280000000000000342e-03
1.940000000000000101e-03
2.300000000000000070e-04
3.800000000000000209e-04
3.290000000000000389e-03
3.800000000000000209e-04
1.730000000000000201e-03
1.230000000000000190e-03
3.959999999999999978e-03
1.740000000000000227e-03
2.490000000000000026e-03
2.500000000000000052e-04
2.760000000000000300e-03
8.700000000000001135e-04
1.000000000000000048e-04
7.900000000000000121e-04
6.550000000000000266e-03
5.100000000000000366e-04
1.740000000000000227e-03
3.000000000000000415e-05
4.619999999999999975e-03
6.000000000000000830e-05
4.000000000000000192e-04
3.700000000000000489e-04
4.770000000000000802e-03
4.900000000000000926e-04
4.090000000000000753e-03
4.100000000000000454e-04
4.090000000000000753e-03
7.700000000000000681e-04
5.300000000000000891e-04
2.700000000000000035e-04
1.420000000000000038e-03
8.200000000000000908e-04
4.900000000000000926e-04
2.900000000000000017e-04
7.400000000000000978e-04
9.000000000000000838e-04
1.594000000000000278e-02
1.140000000000000171e-03
2.990000000000000036e-03
5.100000000000000366e-04
2.330000000000000040e-03
1.090000000000000040e-03
9.100000000000000450e-03
5.580000000000000758e-03
9.540000000000001604e-03
5.800000000000000034e-04
4.700000000000000401e-04
3.099999999999999999e-04
6.140000000000000492e-03
1.800000000000000113e-04
1.415000000000000112e-02
8.000000000000000654e-05
7.190000000000000210e-03
4.600000000000000139e-04
2.000000000000000042e-03
2.900000000000000017e-04
7.520000000000000642e-03
1.500000000000000140e-04
4.100000000000000454e-04
1.930000000000000075e-03
1.310000000000000183e-03
3.020000000000000115e-03
6.890000000000000291e-03
1.800000000000000113e-04
7.500000000000000156e-04
1.600000000000000131e-04
6.200000000000000649e-03
1.969999999999999963e-03
6.370000000000000662e-03
2.800000000000000297e-04
1.060000000000000178e-03
1.720000000000000001e-02
6.520000000000000621e-03
3.900000000000000471e-04
2.350000000000000092e-03
1.000000000000000048e-04
5.690000000000000613e-03
2.300000000000000070e-04
4.000000000000000192e-04
5.900000000000000296e-04
3.320000000000000468e-03
4.900000000000000926e-04
8.330000000000000598e-03
2.900000000000000017e-04
5.010000000000000564e-03
3.700000000000000489e-04
3.620000000000000388e-03
7.600000000000000418e-04
6.910000000000000343e-03
7.200000000000000453e-04
2.470000000000000407e-03
1.800000000000000113e-04
2.220000000000000185e-03
7.200000000000000453e-04
2.100000000000000087e-04
2.600000000000000314e-04
2.650000000000000012e-03
1.300000000000000157e-04
1.149000000000000021e-02
1.500000000000000140e-04
2.240000000000000237e-03
4.227000000000000202e-02
1.220000000000000164e-03
2.971000000000000377e-02
4.310000000000000463e-03
1.700000000000000122e-03
1.915000000000000036e-02
3.300000000000000524e-04
2.200000000000000078e-04
2.220000000000000185e-03
1.360000000000000098e-03
2.600000000000000314e-04
4.570000000000000277e-03
1.000000000000000048e-04
8.600000000000000873e-04
4.400000000000000157e-04
1.320000000000000210e-03
2.200000000000000078e-04
6.000000000000000125e-03
4.700000000000000401e-04
3.959999999999999978e-03
1.880000000000000161e-03
7.400000000000000328e-03
7.600000000000000418e-04
5.300000000000000891e-04
3.890000000000000228e-03
4.420000000000000318e-03
4.400000000000000157e-04
3.470000000000000428e-03
1.530000000000000110e-03
6.700000000000000226e-04
2.100000000000000087e-04
1.990000000000000015e-03
1.590000000000000050e-03
2.380000000000000171e-03
3.630000000000000414e-03
5.000000000000000104e-04
4.400000000000000157e-04
1.490000000000000222e-03
8.219999999999999876e-03
6.320000000000000097e-03
1.270000000000000078e-03
1.240000000000000000e-03
6.120000000000000440e-03
1.054000000000000076e-02
6.300000000000000261e-04
1.898999999999999994e-02
4.300000000000000436e-04
4.000000000000000192e-04
1.010000000000000047e-03
2.969000000000000111e-02
3.000000000000000279e-04
3.550000000000000204e-03
1.490000000000000222e-03
8.800000000000000313e-04
8.400000000000000348e-04
2.670000000000000064e-03
