1.283000000000000113e-02
6.100000000000000821e-04
8.650000000000001438e-03
2.400000000000000332e-04
2.484000000000000097e-02
3.780000000000000374e-03
7.190000000000000210e-03
1.790000000000000141e-03
4.810000000000000039e-03
6.700000000000000226e-04
1.124000000000000173e-02
4.900000000000000926e-04
5.200000000000000629e-03
5.400000000000000069e-04
2.470000000000000407e-03
4.600000000000000139e-04
3.400000000000000244e-03
1.890000000000000187e-03
1.465000000000000156e-02
4.300000000000000436e-04
4.850000000000000144e-03
3.900000000000000471e-04
1.910000000000000239e-03
1.540000000000000136e-03
2.710000000000000169e-03
2.910000000000000260e-03
3.300000000000000416e-03
5.400000000000000069e-04
7.990000000000000574e-03
4.000000000000000192e-04
8.820000000000001450e-03
6.500000000000000786e-04
1.259000000000000050e-02
5.400000000000000069e-04
2.146000000000000338e-02
3.600000000000000227e-04
2.900000000000000234e-03
3.000000000000000279e-04
3.000000000000000062e-03
1.700000000000000122e-04
9.340000000000001079e-03
5.560000000000000706e-03
1.000000000000000021e-03
5.100000000000000366e-04
8.400000000000000348e-04
2.700000000000000035e-04
5.130000000000000011e-03
2.200000000000000078e-04
3.400000000000000244e-03
5.200000000000000629e-04
6.700000000000000226e-03
1.280000000000000105e-03
1.750000000000000036e-03
1.600000000000000131e-04
5.350000000000000588e-03
2.800000000000000297e-04
3.120000000000000377e-03
2.840000000000000076e-03
1.066000000000000107e-02
2.600000000000000314e-04
5.760000000000000363e-03
3.000000000000000415e-05
2.960000000000000391e-03
4.400000000000000157e-04
2.580000000000000262e-03
1.170000000000000033e-03
2.780000000000000353e-03
3.900000000000000471e-04
6.180000000000000597e-03
2.600000000000000314e-04
4.000000000000000192e-04
2.030000000000000120e-03
8.230000000000001203e-03
3.000000000000000279e-04
6.860000000000000646e-03
5.000000000000000104e-04
2.080000000000000251e-03
6.000000000000000559e-04
1.310000000000000183e-03
8.700000000000001135e-04
5.870000000000000218e-03
4.900000000000000926e-04
1.620000000000000129e-03
1.310000000000000183e-03
1.530000000000000110e-03
9.000000000000000838e-04
2.246000000000000080e-02
1.100000000000000039e-04
5.130000000000000011e-03
3.800000000000000209e-04
2.681000000000000050e-02
2.660000000000000038e-03
5.750000000000000770e-03
8.000000000000000383e-04
1.530000000000000110e-03
1.470000000000000169e-03
1.218000000000000159e-02
3.300000000000000524e-04
5.790000000000000875e-03
2.000000000000000042e-03
1.654000000000000262e-02
6.500000000000000786e-04
4.619999999999999975e-03
1.660000000000000234e-03
2.610000000000000341e-03
3.390000000000000218e-03
2.620000000000000367e-03
3.000000000000000279e-04
1.140000000000000171e-03
1.030000000000000100e-03
3.300000000000000524e-04
5.900000000000000296e-04
5.090000000000000774e-03
6.000000000000000559e-04
1.898000000000000034e-02
3.500000000000000507e-04
3.099999999999999999e-04
1.048000000000000147e-02
1.210000000000000138e-03
8.590000000000000413e-03
2.213000000000000037e-02
4.800000000000000664e-04
9.200000000000000278e-04
1.130000000000000145e-03
4.320000000000000055e-03
1.250000000000000026e-03
1.990000000000000015e-03
1.460000000000000143e-03
2.220000000000000185e-03
2.200000000000000078e-04
1.490000000000000222e-03
2.660000000000000038e-03
6.700000000000000226e-03
3.600000000000000227e-04
5.700000000000000856e-04
9.110000000000000042e-03
1.850000000000000255e-02
1.390000000000000176e-03
3.720000000000000216e-03
2.000000000000000042e-03
9.910000000000000406e-03
7.600000000000000418e-04
3.939999999999999926e-03
1.680000000000000070e-03
3.230000000000000232e-02
3.090000000000000299e-03
1.540000000000000136e-03
5.100000000000000366e-04
6.880000000000000698e-03
4.310000000000000463e-03
1.480000000000000196e-03
6.575999999999999901e-02
8.960000000000000950e-03
1.900000000000000105e-04
1.590000000000000050e-03
4.500000000000000419e-04
2.030000000000000120e-03
6.710000000000000686e-03
1.280000000000000105e-03
3.300000000000000524e-04
4.600000000000000139e-04
2.350000000000000092e-03
1.280000000000000105e-03
1.180000000000000059e-03
1.840000000000000056e-03
1.500000000000000031e-03
6.310000000000000504e-03
3.099999999999999999e-04
9.000000000000000567e-05
2.600000000000000314e-04
4.449999999999999963e-03
2.300000000000000070e-04
3.770000000000000347e-03
1.000000000000000048e-04
1.200000000000000112e-03
2.500000000000000052e-04
3.310000000000000442e-03
8.200000000000000908e-04
5.880000000000000678e-03
2.400000000000000332e-04
1.170000000000000033e-02
6.700000000000000226e-04
1.950000000000000127e-03
3.000000000000000279e-04
2.060000000000000199e-03
2.200000000000000078e-04
1.309000000000000094e-02
1.900000000000000105e-04
1.260000000000000052e-03
1.180000000000000059e-03
2.020000000000000094e-03
6.290000000000000452e-03
1.531000000000000069e-02
5.200000000000000629e-04
9.000000000000000567e-05
2.300000000000000070e-04
4.910000000000000302e-03
1.069999999999999988e-03
4.430000000000000777e-03
3.800000000000000209e-04
4.590000000000000330e-03
1.300000000000000157e-04
6.860000000000000646e-03
2.500000000000000052e-04
2.530000000000000131e-03
5.179000000000000270e-02
2.660000000000000038e-03
1.000000000000000048e-04
3.580000000000000283e-03
1.900000000000000105e-04
6.100000000000000821e-04
6.199999999999999999e-04
5.650000000000000508e-03
2.700000000000000035e-04
4.789999999999999987e-03
1.060000000000000178e-03
1.750000000000000036e-03
1.300000000000000157e-04
1.338000000000000127e-02
4.300000000000000436e-04
1.711999999999999980e-02
1.110000000000000092e-03
1.820000000000000220e-03
4.200000000000000174e-04
2.240000000000000237e-03
8.900000000000000576e-04
7.420000000000000380e-03
1.000000000000000048e-04
5.340000000000000129e-03
7.200000000000000453e-04
6.510000000000000162e-03
4.500000000000000419e-04
6.000000000000000559e-04
5.600000000000000594e-04
8.049999999999999864e-03
5.860000000000000625e-03
1.471000000000000085e-02
5.200000000000000629e-04
1.512000000000000149e-02
4.100000000000000454e-04
6.180000000000000597e-03
4.000000000000000192e-04
2.910000000000000260e-03
2.600000000000000314e-04
3.710000000000000190e-03
3.290000000000000389e-03
5.470000000000000036e-03
1.100000000000000039e-04
6.020000000000000177e-03
3.300000000000000524e-04
2.100000000000000087e-04
7.500000000000000156e-04
7.900000000000000121e-04
2.700000000000000035e-04
1.960000000000000370e-03
1.140000000000000171e-03
5.580000000000000758e-03
2.300000000000000070e-04
5.480000000000000496e-03
3.900000000000000255e-03
7.000000000000000146e-03
1.030000000000000100e-03
1.130000000000000102e-02
1.110000000000000092e-03
7.030000000000000658e-03
3.200000000000000262e-04
1.060000000000000005e-02
2.690000000000000117e-03
2.202000000000000138e-02
9.800000000000001852e-04
2.120000000000000356e-03
1.000000000000000048e-04
1.413000000000000193e-02
2.050000000000000173e-03
2.440000000000000328e-03
3.400000000000000244e-04
5.880000000000000678e-03
2.000000000000000096e-04
6.000000000000000559e-04
3.800000000000000209e-04
3.550000000000000204e-03
4.750000000000000749e-03
3.000000000000000279e-04
4.200000000000000174e-04
8.550000000000000308e-03
3.600000000000000227e-04
7.190000000000000210e-03
3.300000000000000524e-04
8.300000000000001170e-04
3.500000000000000507e-04
1.224000000000000088e-02
3.200000000000000262e-04
3.710000000000000103e-02
9.800000000000001852e-04
4.500000000000000527e-03
1.160000000000000007e-03
2.672000000000000069e-02
3.400000000000000244e-04
1.322000000000000085e-02
3.700000000000000489e-04
3.620000000000000388e-03
1.710000000000000148e-03
9.500000000000001065e-04
1.700000000000000122e-03
1.239000000000000171e-02
4.600000000000000139e-04
3.930000000000000333e-03
3.900000000000000471e-04
6.600000000000001048e-04
1.200000000000000166e-04
1.688000000000000264e-02
1.600000000000000131e-04
2.730000000000000222e-03
1.900000000000000105e-04
5.410000000000000746e-03
1.350000000000000071e-03
4.279999999999999950e-03
1.900000000000000105e-04
9.170000000000001067e-03
1.020000000000000073e-03
3.260000000000000311e-03
2.000000000000000096e-04
1.524000000000000181e-02
2.520000000000000104e-03
7.680000000000001062e-03
6.310000000000000504e-03
6.300000000000000912e-03
7.200000000000000453e-04
4.310000000000000463e-03
3.800000000000000209e-04
3.320000000000000468e-03
4.320000000000000055e-03
3.600000000000000227e-04
3.099999999999999999e-04
9.740000000000000394e-03
3.800000000000000209e-04
3.490000000000000480e-03
1.330000000000000019e-03
3.380000000000000192e-03
1.000000000000000021e-03
8.100000000000001296e-03
2.200000000000000078e-04
7.770000000000000864e-03
4.700000000000000401e-04
3.730000000000000242e-03
4.700000000000000401e-04
2.400000000000000223e-03
1.800000000000000113e-04
2.370000000000000145e-03
2.200000000000000078e-04
1.350000000000000071e-03
3.400000000000000244e-04
1.759000000000000147e-02
3.700000000000000489e-04
1.520000000000000084e-03
1.930000000000000075e-03
1.875000000000000278e-02
4.300000000000000436e-04
1.370000000000000124e-03
9.600000000000001327e-04
3.070000000000000246e-03
6.240000000000000754e-03
1.937000000000000180e-02
3.700000000000000489e-04
4.449999999999999963e-03
1.500000000000000140e-04
1.050000000000000065e-02
4.986000000000000154e-02
2.600000000000000314e-03
1.120000000000000119e-03
5.290000000000000431e-03
1.170000000000000033e-03
4.730000000000000697e-03
4.682000000000000051e-02
7.470000000000000945e-03
2.400000000000000332e-04
6.420000000000000359e-03
1.900000000000000105e-04
3.020000000000000115e-03
7.100000000000000191e-04
4.020000000000000136e-03
1.050000000000000152e-03
3.870000000000000176e-03
9.100000000000001100e-04
8.100000000000001296e-03
2.500000000000000052e-04
1.140000000000000041e-02
1.300000000000000157e-04
1.480000000000000196e-03
1.100000000000000066e-03
1.108000000000000131e-02
1.090000000000000040e-03
7.650000000000000550e-03
4.100000000000000454e-04
5.340000000000000129e-03
4.530000000000000172e-03
1.053000000000000116e-02
4.800000000000000664e-04
1.340000000000000045e-02
1.800000000000000113e-04
5.000000000000000104e-04
5.800000000000000034e-04
9.260000000000000869e-03
3.790000000000000400e-03
6.600000000000001048e-04
4.740000000000000289e-03
3.815000000000000335e-02
1.069999999999999988e-03
1.170000000000000033e-03
1.000000000000000082e-05
5.560000000000000706e-03
2.300000000000000070e-04
5.550000000000000246e-03
3.500000000000000507e-04
1.750000000000000036e-03
9.000000000000000567e-05
8.580000000000000820e-03
5.500000000000000331e-04
2.650000000000000012e-03
2.200000000000000078e-04
1.021000000000000033e-02
6.790000000000000896e-03
2.970000000000000417e-03
2.650000000000000012e-03
1.537000000000000172e-02
2.100000000000000087e-04
2.710000000000000169e-03
3.000000000000000279e-04
1.090000000000000040e-03
6.700000000000000226e-04
5.040000000000000209e-03
4.400000000000000157e-04
1.280000000000000105e-03
3.400000000000000244e-04
1.220000000000000164e-03
2.300000000000000070e-04
1.269000000000000163e-02
6.800000000000000488e-04
4.310000000000000463e-03
2.450000000000000355e-03
4.330000000000000515e-03
2.500000000000000052e-04
2.360000000000000119e-03
1.540000000000000136e-03
2.480000000000000000e-03
5.900000000000000296e-04
3.410000000000000270e-03
1.850000000000000082e-03
1.870000000000000134e-03
3.200000000000000262e-04
1.010000000000000047e-03
6.460000000000000464e-03
1.600000000000000131e-04
3.330000000000000061e-03
2.550000000000000183e-03
1.800000000000000113e-04
9.500000000000001065e-04
7.600000000000000418e-04
4.690000000000000592e-03
1.700000000000000122e-04
1.710000000000000148e-03
1.900000000000000105e-04
2.840000000000000076e-03
4.000000000000000192e-04
7.120000000000000460e-03
9.800000000000001852e-04
2.530000000000000131e-03
3.400000000000000244e-04
5.000000000000000104e-04
1.230000000000000190e-03
6.340000000000000149e-03
2.800000000000000297e-04
9.460000000000001394e-03
5.100000000000000366e-04
2.690000000000000117e-03
7.700000000000000681e-04
3.380000000000000192e-03
5.300000000000000891e-04
1.680000000000000070e-03
1.020000000000000073e-03
1.045000000000000095e-02
2.470000000000000407e-03
9.080000000000001265e-03
7.700000000000000681e-04
7.350000000000000630e-03
7.500000000000000590e-03
1.000000000000000021e-02
2.400000000000000332e-04
3.580000000000000283e-03
2.200000000000000078e-04
4.930000000000000354e-03
5.750000000000000770e-03
5.320000000000000076e-03
2.400000000000000332e-04
5.410000000000000746e-03
4.200000000000000174e-04
1.100000000000000066e-03
1.200000000000000112e-03
8.520000000000001530e-03
5.200000000000000629e-04
1.026000000000000002e-02
6.600000000000001048e-04
4.400000000000000157e-04
3.200000000000000262e-04
3.700000000000000489e-04
1.300000000000000157e-04
2.150000000000000175e-02
8.100000000000000646e-04
1.185000000000000116e-02
1.500000000000000140e-04
4.120000000000000398e-03
5.000000000000000104e-04
2.700000000000000035e-04
8.000000000000000654e-05
2.630000000000000393e-03
2.220000000000000185e-03
1.211000000000000097e-02
1.100000000000000039e-04
7.560000000000000747e-03
1.900000000000000105e-04
3.500000000000000507e-04
2.470000000000000407e-03
4.250000000000000305e-03
5.500000000000000331e-04
1.493000000000000056e-02
9.000000000000000838e-04
4.350000000000000568e-03
6.000000000000000559e-04
1.170000000000000033e-03
8.900000000000000576e-04
2.660000000000000038e-03
8.111000000000000154e-02
3.540000000000000178e-03
2.309999999999999987e-03
3.200000000000000262e-04
3.030000000000000141e-03
7.000000000000000742e-05
3.900000000000000471e-04
5.400000000000000069e-04
3.600000000000000227e-04
2.700000000000000035e-04
9.300000000000000541e-04
6.700000000000000226e-04
2.610000000000000341e-03
3.900000000000000471e-04
2.900000000000000017e-04
4.100000000000000454e-04
4.200000000000000174e-04
2.900000000000000017e-04
1.300000000000000157e-03
2.700000000000000035e-04
1.010000000000000047e-03
6.000000000000000559e-04
1.069999999999999988e-03
2.300000000000000070e-04
1.810000000000000194e-03
9.890000000000001221e-03
6.199999999999999999e-04
2.280000000000000342e-03
2.600000000000000314e-04
1.549000000000000203e-02
1.700000000000000122e-03
6.100000000000000821e-04
1.700000000000000122e-04
1.510000000000000057e-03
3.700000000000000489e-04
4.380000000000000213e-03
1.000000000000000082e-05
1.304000000000000124e-02
1.200000000000000166e-04
8.300000000000001170e-04
2.700000000000000143e-03
2.300000000000000395e-03
1.340000000000000045e-03
3.020000000000000115e-03
5.400000000000000069e-04
5.300000000000000891e-04
1.100000000000000039e-04
5.530000000000000193e-03
4.500000000000000419e-04
4.959999999999999999e-03
9.800000000000001852e-04
1.850000000000000082e-03
6.700000000000000226e-04
8.100000000000000646e-04
3.200000000000000262e-04
1.960000000000000370e-03
1.430000000000000195e-02
4.600000000000000790e-03
1.700000000000000122e-04
1.710000000000000148e-03
4.000000000000000192e-04
1.530000000000000110e-03
1.900000000000000213e-03
6.720000000000000279e-03
3.099999999999999999e-04
4.200000000000000608e-03
4.100000000000000454e-04
2.530000000000000131e-03
1.040000000000000126e-03
2.200000000000000133e-03
2.500000000000000052e-04
1.251000000000000029e-02
2.000000000000000096e-04
5.300000000000000891e-04
5.600000000000000594e-04
1.930000000000000075e-03
1.370000000000000124e-03
1.354000000000000169e-02
4.200000000000000174e-04
4.530000000000000172e-03
8.950000000000001357e-03
7.100000000000000191e-04
2.900000000000000017e-04
4.330000000000000515e-03
2.900000000000000017e-04
3.000000000000000279e-04
2.600000000000000314e-04
3.270000000000000337e-03
2.600000000000000314e-04
1.728999999999999981e-02
2.200000000000000078e-04
1.950000000000000127e-03
4.600000000000000139e-04
1.810000000000000194e-03
1.150000000000000197e-03
6.780000000000000436e-03
3.099999999999999999e-04
2.940000000000000339e-03
3.400000000000000244e-04
