3.170000000000000075e-03
4.800000000000000664e-04
2.888000000000000289e-02
1.700000000000000122e-04
1.450000000000000117e-03
3.320000000000000468e-03
5.250000000000000326e-03
7.000000000000000742e-05
5.700000000000000856e-04
3.985000000000000347e-02
2.280000000000000342e-03
2.100000000000000087e-04
5.190000000000000169e-03
1.800000000000000113e-04
3.040000000000000167e-03
1.300000000000000157e-04
1.070000000000000118e-02
1.180000000000000059e-03
4.120000000000000398e-03
2.200000000000000078e-04
2.700000000000000035e-04
4.000000000000000192e-04
6.730000000000000739e-03
1.580000000000000024e-03
9.200000000000000278e-04
3.300000000000000524e-04
9.300000000000000974e-03
2.930000000000000313e-03
5.000000000000000104e-04
3.500000000000000507e-04
2.010000000000000328e-02
2.300000000000000070e-04
2.383000000000000049e-02
4.600000000000000139e-04
8.890000000000000333e-03
2.500000000000000052e-04
8.160000000000000586e-03
2.900000000000000017e-04
1.030000000000000013e-02
4.100000000000000454e-04
3.200000000000000262e-04
1.000000000000000082e-05
1.595000000000000237e-02
2.400000000000000332e-04
1.240000000000000000e-03
9.300000000000000541e-04
1.793000000000000149e-02
1.010000000000000047e-03
6.530000000000000214e-03
7.600000000000000418e-04
7.950000000000000469e-03
7.400000000000000978e-04
1.046000000000000055e-02
4.200000000000000174e-04
5.680000000000000153e-03
1.840000000000000056e-03
2.300000000000000070e-04
2.460000000000000381e-03
5.990000000000000532e-03
3.600000000000000227e-04
8.060000000000001191e-03
1.444000000000000145e-02
1.202000000000000117e-02
6.600000000000001048e-04
1.320000000000000210e-03
1.040000000000000126e-03
2.300000000000000395e-03
3.600000000000000227e-04
1.080000000000000014e-03
5.200000000000000629e-04
4.530000000000000172e-03
2.200000000000000078e-04
7.440000000000000432e-03
4.200000000000000174e-04
5.100000000000000366e-03
1.580000000000000024e-03
6.910000000000000343e-03
1.520000000000000084e-03
1.532000000000000202e-02
9.899999999999999946e-04
9.600000000000001327e-04
3.200000000000000262e-04
1.874000000000000318e-02
3.300000000000000524e-04
4.840000000000000552e-03
9.000000000000000567e-05
6.600000000000001048e-04
1.358000000000000179e-02
4.210000000000000200e-03
2.790000000000000379e-03
8.070000000000000784e-03
1.803000000000000089e-02
2.000000000000000096e-04
7.840000000000001482e-03
8.800000000000000313e-04
2.300000000000000070e-04
1.530000000000000110e-03
3.700000000000000489e-04
8.140000000000001401e-03
7.700000000000000681e-04
2.570000000000000236e-03
1.300000000000000157e-03
5.970000000000000480e-03
2.700000000000000035e-04
3.790000000000000400e-03
6.100000000000000821e-04
8.000000000000000383e-04
3.500000000000000507e-04
1.080000000000000014e-03
2.570000000000000236e-03
6.000000000000000559e-04
1.600000000000000131e-04
4.170000000000000095e-03
8.300000000000001170e-04
1.272000000000000040e-02
2.300000000000000395e-03
9.310000000000000567e-03
7.400000000000000978e-04
1.143000000000000092e-02
1.170000000000000033e-03
1.750000000000000036e-03
1.800000000000000113e-04
3.470000000000000428e-03
1.100000000000000066e-03
3.260000000000000311e-03
7.100000000000000191e-04
1.192000000000000177e-02
4.800000000000000664e-04
2.200000000000000078e-04
3.400000000000000244e-04
1.073000000000000169e-02
8.000000000000000383e-04
1.140000000000000171e-03
3.400000000000000244e-04
5.770000000000000823e-03
1.300000000000000157e-04
1.000000000000000021e-03
2.630000000000000393e-03
4.140000000000000450e-03
1.700000000000000122e-04
2.900000000000000017e-04
1.400000000000000148e-04
2.800000000000000297e-04
3.200000000000000262e-04
5.760000000000000363e-03
1.800000000000000113e-04
1.266000000000000111e-02
5.000000000000000240e-05
2.014000000000000165e-02
6.000000000000000830e-05
1.220000000000000164e-03
2.300000000000000070e-04
5.100000000000000366e-03
6.700000000000000226e-04
3.400000000000000244e-04
1.370000000000000124e-03
1.710000000000000148e-03
2.300000000000000070e-04
2.410000000000000250e-03
7.866000000000000769e-02
9.810000000000001011e-03
4.000000000000000192e-04
1.489000000000000046e-02
5.600000000000000594e-04
3.400000000000000244e-04
1.080000000000000014e-03
7.300000000000000716e-04
2.420000000000000276e-03
3.959999999999999978e-03
1.010000000000000047e-03
7.540000000000000695e-03
2.400000000000000332e-04
8.600000000000000873e-04
2.100000000000000087e-04
5.380000000000000233e-03
2.100000000000000087e-04
2.399000000000000091e-02
5.080000000000000314e-03
4.540000000000000632e-03
3.160000000000000048e-03
2.550000000000000183e-03
2.800000000000000297e-04
1.473000000000000177e-02
1.969999999999999963e-03
1.050000000000000152e-03
2.600000000000000314e-04
6.199999999999999999e-04
1.500000000000000140e-04
1.886000000000000176e-02
4.000000000000000192e-04
1.250000000000000026e-03
8.600000000000000873e-04
1.714000000000000246e-02
1.928000000000000200e-02
7.150000000000000973e-03
6.500000000000000786e-04
5.750000000000000770e-03
7.200000000000000453e-04
1.230000000000000190e-03
7.000000000000000742e-05
1.360000000000000098e-02
4.600000000000000139e-04
9.640000000000000999e-03
5.300000000000000891e-04
6.180000000000000597e-03
3.400000000000000244e-04
1.240000000000000130e-02
6.400000000000000524e-04
1.040000000000000126e-03
2.900000000000000017e-04
2.988000000000000378e-02
4.690000000000000592e-03
6.210000000000000242e-03
6.100000000000000821e-04
4.980000000000000052e-03
6.300000000000000261e-04
1.427000000000000143e-02
3.099999999999999999e-04
2.520000000000000104e-03
3.500000000000000507e-04
1.065000000000000148e-02
2.500000000000000052e-04
4.000000000000000083e-03
1.210000000000000138e-03
1.282000000000000153e-02
1.830000000000000246e-03
1.960000000000000370e-03
9.000000000000000567e-05
2.188000000000000014e-02
1.481000000000000198e-02
6.670000000000000581e-03
5.200000000000000629e-04
2.090000000000000278e-03
1.480000000000000196e-03
6.340000000000000149e-03
1.600000000000000131e-04
5.080000000000000314e-03
7.900000000000000121e-04
1.217000000000000026e-02
1.660000000000000234e-03
2.080000000000000251e-03
4.000000000000000192e-04
7.140000000000000513e-03
2.300000000000000070e-04
8.800000000000000313e-04
1.330000000000000019e-03
3.900000000000000255e-03
1.800000000000000113e-04
8.970000000000000542e-03
2.810000000000000431e-03
1.564000000000000112e-02
3.800000000000000209e-04
2.970000000000000417e-03
2.230000000000000211e-03
6.560000000000000726e-03
3.099999999999999999e-04
3.210000000000000180e-03
1.870000000000000134e-03
9.160000000000001474e-03
1.240000000000000000e-03
7.980000000000000981e-03
6.600000000000001048e-04
1.192000000000000177e-02
6.000000000000000559e-04
7.180000000000000618e-03
3.099999999999999999e-04
2.400000000000000223e-03
1.950000000000000127e-03
1.152000000000000073e-02
1.700000000000000122e-04
1.176000000000000136e-02
1.600000000000000131e-04
6.300000000000000912e-03
3.000000000000000279e-04
7.940000000000000877e-03
1.300000000000000157e-04
2.200000000000000078e-04
1.900000000000000105e-04
1.147000000000000103e-02
3.600000000000000227e-04
1.100000000000000039e-04
4.800000000000000664e-04
5.600000000000000594e-04
2.460000000000000381e-03
3.330000000000000061e-03
6.900000000000000751e-04
3.610000000000000361e-03
1.350000000000000071e-03
9.360000000000000264e-03
3.200000000000000262e-04
5.800000000000000468e-03
2.680000000000000090e-03
6.540000000000000674e-03
2.700000000000000035e-04
6.890000000000000291e-03
1.230000000000000190e-03
5.900000000000000730e-03
3.200000000000000262e-04
2.520000000000000104e-03
4.500000000000000419e-04
1.800000000000000168e-03
2.400000000000000332e-04
9.400000000000000803e-04
3.400000000000000244e-04
3.215000000000000496e-02
1.300000000000000157e-04
2.170000000000000054e-02
1.950000000000000127e-03
5.930000000000000375e-03
1.500000000000000140e-04
3.500000000000000507e-04
9.400000000000000803e-04
1.360000000000000098e-03
1.040000000000000126e-03
4.600000000000000139e-04
2.000000000000000096e-04
5.430000000000000798e-03
2.900000000000000017e-04
8.429999999999999993e-03
7.230000000000000315e-03
8.100000000000000646e-04
3.700000000000000489e-04
7.950000000000000469e-03
4.700000000000000401e-04
2.151000000000000134e-02
4.800000000000000664e-04
1.063000000000000056e-02
4.300000000000000436e-04
4.690000000000000592e-03
1.800000000000000113e-04
1.870000000000000134e-03
2.100000000000000087e-04
8.770000000000000018e-03
1.100000000000000039e-04
1.481000000000000198e-02
2.200000000000000078e-04
9.899999999999999946e-04
2.200000000000000078e-04
1.804000000000000048e-02
4.200000000000000174e-04
1.375000000000000180e-02
4.300000000000000436e-04
3.950000000000000386e-03
4.000000000000000192e-04
4.360000000000000160e-03
2.400000000000000332e-04
4.600000000000000790e-03
1.100000000000000066e-03
9.200000000000000278e-04
1.200000000000000166e-04
2.680000000000000090e-03
2.000000000000000096e-04
6.199999999999999999e-04
1.200000000000000166e-04
1.081000000000000016e-02
3.900000000000000471e-04
1.160000000000000007e-03
3.099999999999999999e-04
1.158000000000000175e-02
2.240000000000000237e-03
3.850000000000000124e-03
8.500000000000000611e-04
4.580000000000000737e-03
4.600000000000000139e-04
1.790000000000000271e-02
4.100000000000000454e-04
8.200000000000000908e-04
1.400000000000000203e-03
8.700000000000001135e-04
4.600000000000000139e-04
1.740000000000000227e-03
2.080000000000000251e-03
1.220000000000000077e-02
3.600000000000000227e-04
6.880000000000000698e-03
1.200000000000000166e-04
1.442000000000000053e-02
2.810000000000000431e-03
1.573000000000000093e-02
4.700000000000000401e-04
2.280000000000000342e-03
7.800000000000000943e-04
1.213000000000000016e-02
4.500000000000000419e-04
1.687000000000000305e-02
4.200000000000000174e-04
1.893000000000000238e-02
4.100000000000000454e-04
1.600000000000000077e-03
4.600000000000000139e-04
1.600000000000000131e-04
4.600000000000000139e-04
1.530000000000000110e-03
1.100000000000000039e-04
4.180000000000000555e-03
1.260000000000000052e-03
4.070000000000000701e-03
1.010000000000000047e-03
4.290000000000000410e-03
1.100000000000000039e-04
2.750000000000000274e-03
3.890000000000000228e-03
3.173000000000000126e-02
5.300000000000000891e-04
9.300000000000000974e-03
4.700000000000000401e-04
2.090000000000000278e-03
4.700000000000000401e-04
5.060000000000000261e-03
6.199999999999999999e-04
1.181000000000000105e-02
6.500000000000000786e-04
2.290000000000000022e-02
1.430000000000000064e-03
8.740000000000001240e-03
4.600000000000000139e-04
1.124000000000000173e-02
5.600000000000000594e-04
1.112000000000000141e-02
1.600000000000000131e-04
7.810000000000000969e-03
4.100000000000000454e-04
1.101000000000000069e-02
2.800000000000000297e-04
3.380000000000000192e-03
1.910000000000000239e-03
5.530000000000000193e-03
3.400000000000000244e-04
1.364000000000000108e-02
1.600000000000000131e-04
1.020000000000000073e-03
3.500000000000000507e-04
1.029000000000000054e-02
2.600000000000000314e-04
5.424000000000000349e-02
8.000000000000000654e-05
5.500000000000000331e-04
1.560000000000000189e-03
1.900000000000000105e-04
2.400000000000000332e-04
1.040000000000000126e-03
1.000000000000000021e-03
9.000000000000000838e-04
1.700000000000000122e-04
1.242000000000000048e-02
3.232000000000000151e-02
2.860000000000000129e-03
3.300000000000000524e-04
4.080000000000000293e-03
4.789999999999999987e-03
5.200000000000000629e-04
9.700000000000000505e-04
1.660999999999999976e-02
1.320000000000000210e-03
1.927000000000000240e-02
2.400000000000000223e-03
1.329000000000000146e-02
7.900000000000000121e-04
5.230000000000000274e-03
3.500000000000000507e-04
1.420000000000000038e-03
7.100000000000000191e-04
6.570000000000000319e-03
4.600000000000000139e-04
9.570000000000000381e-03
1.700000000000000122e-04
3.820000000000000479e-03
4.200000000000000174e-04
4.350000000000000568e-03
1.900000000000000105e-04
2.800000000000000297e-04
3.300000000000000524e-04
1.436000000000000124e-02
1.370000000000000124e-03
8.690000000000001543e-03
3.700000000000000489e-04
9.150000000000000147e-03
2.700000000000000035e-04
2.600000000000000314e-04
2.900000000000000017e-04
1.483000000000000117e-02
3.200000000000000262e-04
6.400000000000000524e-04
1.800000000000000113e-04
6.980000000000000961e-03
8.100000000000000646e-04
2.870000000000000155e-03
6.920000000000000803e-03
5.670000000000000560e-03
4.000000000000000192e-04
4.850000000000000144e-02
4.800000000000000664e-04
2.710000000000000169e-03
6.600000000000001048e-04
8.720000000000000320e-03
3.900000000000000471e-04
1.202000000000000117e-02
4.800000000000000664e-04
2.100000000000000304e-03
6.700000000000000226e-04
5.820000000000000520e-03
4.400000000000000157e-04
1.787000000000000047e-02
5.400000000000000069e-04
4.560000000000000685e-03
5.000000000000000104e-04
1.590000000000000050e-03
4.100000000000000454e-04
2.139999999999999975e-03
4.100000000000000454e-04
5.010000000000000564e-03
1.650000000000000208e-03
4.200000000000000174e-04
4.200000000000000174e-04
1.590000000000000050e-03
3.400000000000000244e-04
2.880000000000000181e-03
5.300000000000000891e-04
8.100000000000000646e-04
3.099999999999999999e-04
1.090000000000000040e-03
1.069999999999999988e-03
1.207000000000000087e-02
3.120000000000000377e-03
2.387000000000000233e-02
1.300000000000000157e-04
1.470000000000000169e-03
3.400000000000000244e-04
2.110000000000000330e-03
1.400000000000000148e-04
8.670000000000000623e-03
1.100000000000000039e-04
8.729999999999999913e-03
2.400000000000000332e-04
1.057000000000000127e-02
6.500000000000000786e-04
1.540000000000000136e-03
2.860000000000000129e-03
1.230000000000000190e-03
2.700000000000000035e-04
3.900000000000000471e-04
3.300000000000000524e-04
2.580000000000000262e-03
1.925000000000000322e-02
3.320000000000000468e-03
4.780000000000000394e-03
6.430000000000000819e-03
9.600000000000001327e-04
1.027000000000000135e-02
4.900000000000000926e-04
9.800000000000001852e-04
6.800000000000000488e-04
1.355000000000000128e-02
